100000
136000
172000
208000
244000
280000
316000
352000
388000
424000
460000
496000
532000
568000
604000
640000
676000
712000
748000
784000
820000
856000
892000
928000
964000
1000000
1036000
1072000
1108000
1144000
1180000
1216000
1252000
1288000
1324000
1360000
1396000
1432000
1468000
1504000
1540000
1576000
1612000
1648000
1684000
1720000
1756000
1792000
1828000
1864000
1900000
1936000
1972000
2008000
2044000
2080000
2116000
2152000
2188000
2224000
2260000
2296000
2332000
2368000
2404000
2440000
2476000
2512000
2548000
2584000
2620000
2656000
2692000
2728000
2764000
2800000
2836000
2872000
2908000
2944000
2980000
3016000
3052000
3088000
3124000
3160000
3196000
3232000
3268000
3304000
3340000
3376000
3412000
3448000
3484000
3520000
3556000
3592000
3628000
3664000
3700000
3736000
3772000
3808000
3844000
3880000
3916000
3952000
3988000
4024000
4060000
4096000
4132000
4168000
4204000
4240000
4276000
4312000
4348000
4384000
4420000
4456000
4492000
4528000
4564000
4600000
4636000
4672000
4708000
4744000
4780000
4816000
4852000
4888000
4924000
4960000
4996000
5032000
5068000
5104000
