202000
204000
206000
208000
210000
238000
240000
242000
244000
246000
274000
276000
278000
280000
282000
310000
312000
314000
316000
318000
346000
348000
350000
352000
354000
382000
384000
386000
388000
390000
418000
420000
422000
424000
426000
454000
456000
458000
460000
462000
490000
492000
494000
496000
498000
526000
528000
530000
532000
534000
562000
564000
566000
568000
570000
598000
600000
602000
604000
606000
634000
636000
638000
640000
642000
670000
672000
674000
676000
678000
706000
708000
710000
712000
714000
742000
744000
746000
748000
750000
778000
780000
782000
784000
786000
814000
816000
818000
820000
822000
850000
852000
854000
856000
858000
886000
888000
890000
892000
894000
922000
924000
926000
928000
930000
958000
960000
962000
964000
966000
994000
996000
998000
1000000
1002000
1030000
1032000
1034000
1036000
1038000
1066000
1068000
1070000
1072000
1074000
1102000
1104000
1106000
1108000
1110000
1138000
1140000
1142000
1144000
1146000
1174000
1176000
1178000
1180000
1182000
1210000
1212000
1214000
1216000
1218000
1246000
1248000
1250000
1252000
1254000
1282000
1284000
1286000
1288000
1290000
1318000
1320000
1322000
1324000
1326000
1354000
1356000
1358000
1360000
1362000
1390000
1392000
1394000
1396000
1398000
1426000
1428000
1430000
1432000
1434000
1462000
1464000
1466000
1468000
1470000
1498000
1500000
1502000
1504000
1506000
1534000
1536000
1538000
1540000
1542000
1570000
1572000
1574000
1576000
1578000
1606000
1608000
1610000
1612000
1614000
1642000
1644000
1646000
1648000
1650000
1678000
1680000
1682000
1684000
1686000
1714000
1716000
1718000
1720000
1722000
1750000
1752000
1754000
1756000
1758000
1786000
1788000
1790000
1792000
1794000
1822000
1824000
1826000
1828000
1830000
1858000
1860000
1862000
1864000
1866000
1894000
1896000
1898000
1900000
1902000
1930000
1932000
1934000
1936000
1938000
1966000
1968000
1970000
1972000
1974000
2002000
2004000
2006000
2008000
2010000
2038000
2040000
2042000
2044000
2046000
2074000
2076000
2078000
2080000
2082000
2110000
2112000
2114000
2116000
2118000
2146000
2148000
2150000
2152000
2154000
2182000
2184000
2186000
2188000
2190000
2218000
2220000
2222000
2224000
2226000
2254000
2256000
2258000
2260000
2262000
2290000
2292000
2294000
2296000
2298000
2326000
2328000
2330000
2332000
2334000
2362000
2364000
2366000
2368000
2370000
2398000
2400000
2402000
2404000
2406000
2434000
2436000
2438000
2440000
2442000
2470000
2472000
2474000
2476000
2478000
2506000
2508000
2510000
2512000
2514000
2542000
2544000
2546000
2548000
2550000
2578000
2580000
2582000
2584000
2586000
2614000
2616000
2618000
2620000
2622000
2650000
2652000
2654000
2656000
2658000
2686000
2688000
2690000
2692000
2694000
2722000
2724000
2726000
2728000
2730000
2758000
2760000
2762000
2764000
2766000
2794000
2796000
2798000
2800000
2802000
2830000
2832000
2834000
2836000
2838000
2866000
2868000
2870000
2872000
2874000
2902000
2904000
2906000
2908000
2910000
2938000
2940000
2942000
2944000
2946000
2974000
2976000
2978000
2980000
2982000
3010000
3012000
3014000
3016000
3018000
3046000
3048000
3050000
3052000
3054000
3082000
3084000
3086000
3088000
3090000
3118000
3120000
3122000
3124000
3126000
3154000
3156000
3158000
3160000
3162000
3190000
3192000
3194000
3196000
3198000
3226000
3228000
3230000
3232000
3234000
3262000
3264000
3266000
3268000
3270000
3298000
3300000
3302000
3304000
3306000
3334000
3336000
3338000
3340000
3342000
3370000
3372000
3374000
3376000
3378000
3406000
3408000
3410000
3412000
3414000
3442000
3444000
3446000
3448000
3450000
3478000
3480000
3482000
3484000
3486000
3514000
3516000
3518000
3520000
3522000
3550000
3552000
3554000
3556000
3558000
3586000
3588000
3590000
3592000
3594000
3622000
3624000
3626000
3628000
3630000
3658000
3660000
3662000
3664000
3666000
3694000
3696000
3698000
3700000
3702000
3730000
3732000
3734000
3736000
3738000
3766000
3768000
3770000
3772000
3774000
3802000
3804000
3806000
3808000
3810000
3838000
3840000
3842000
3844000
3846000
3874000
3876000
3878000
3880000
3882000
3910000
3912000
3914000
3916000
3918000
3946000
3948000
3950000
3952000
3954000
3982000
3984000
3986000
3988000
3990000
4018000
4020000
4022000
4024000
4026000
4054000
4056000
4058000
4060000
4062000
4090000
4092000
4094000
4096000
4098000
4126000
4128000
4130000
4132000
4134000
4162000
4164000
4166000
4168000
4170000
4198000
4200000
4202000
4204000
4206000
4234000
4236000
4238000
4240000
4242000
4270000
4272000
4274000
4276000
4278000
4306000
4308000
4310000
4312000
4314000
4342000
4344000
4346000
4348000
4350000
4378000
4380000
4382000
4384000
4386000
4414000
4416000
4418000
4420000
4422000
4450000
4452000
4454000
4456000
4458000
4486000
4488000
4490000
4492000
4494000
4522000
4524000
4526000
4528000
4530000
4558000
4560000
4562000
4564000
4566000
4594000
4596000
4598000
4600000
4602000
4630000
4632000
4634000
4636000
4638000
4666000
4668000
4670000
4672000
4674000
4702000
4704000
4706000
4708000
4710000
4738000
4740000
4742000
4744000
4746000
4774000
4776000
4778000
4780000
4782000
4810000
4812000
4814000
4816000
4818000
4846000
4848000
4850000
4852000
4854000
4882000
4884000
4886000
4888000
4890000
4918000
4920000
4922000
4924000
4926000
4954000
4956000
4958000
4960000
4962000
4990000
4992000
4994000
4996000
4998000
5026000
5028000
5030000
5032000
5034000
5062000
5064000
5066000
5068000
5070000
5098000
5100000
5102000
5104000
5106000
5134000
5136000
5138000
5140000
5142000
5170000
5172000
5174000
5176000
5178000
5206000
5208000
5210000
5212000
5214000
