200000
227000
254000
281000
308000
335000
362000
389000
416000
443000
470000
497000
524000
551000
578000
605000
632000
659000
686000
713000
740000
767000
794000
821000
848000
875000
902000
929000
956000
983000
1010000
1037000
1064000
1091000
1118000
1145000
1172000
1199000
1226000
1253000
1280000
1307000
1334000
1361000
1388000
1415000
1442000
1469000
1496000
1523000
1550000
1577000
1604000
1631000
1658000
1685000
1712000
1739000
1766000
1793000
1820000
1847000
1874000
1901000
1928000
1955000
1982000
2009000
2036000
2063000
2090000
2117000
2144000
2171000
2198000
2225000
2252000
2279000
2306000
2333000
2360000
2387000
2414000
2441000
2468000
2495000
2522000
2549000
2576000
2603000
2630000
2657000
2684000
2711000
2738000
2765000
2792000
2819000
2846000
2873000
2900000
2927000
2954000
2981000
3008000
3035000
3062000
3089000
3116000
3143000
3170000
3197000
3224000
3251000
3278000
3305000
3332000
3359000
3386000
3413000
3440000
3467000
3494000
3521000
3548000
3575000
3602000
3629000
3656000
3683000
3710000
3737000
3764000
3791000
3818000
3845000
3872000
3899000
3926000
3953000
