304000
340000
376000
412000
448000
484000
520000
556000
592000
628000
664000
700000
736000
772000
808000
844000
880000
916000
952000
988000
1024000
1060000
1096000
1132000
1168000
1204000
1240000
1276000
1312000
1348000
1384000
1420000
1456000
1492000
1528000
1564000
1600000
1636000
1672000
1708000
1744000
1780000
1816000
1852000
1888000
1924000
1960000
1996000
2032000
2068000
2104000
2140000
2176000
2212000
2248000
2284000
2320000
2356000
2392000
2428000
2464000
2500000
2536000
2572000
2608000
2644000
2680000
2716000
2752000
2788000
2824000
2860000
2896000
2932000
2968000
3004000
3040000
3076000
3112000
3148000
3184000
3220000
3256000
3292000
3328000
3364000
3400000
3436000
3472000
3508000
3544000
3580000
3616000
3652000
3688000
3724000
3760000
3796000
3832000
3868000
3904000
3940000
3976000
4012000
4048000
4084000
4120000
4156000
4192000
4228000
4264000
4300000
4336000
4372000
4408000
4444000
4480000
4516000
4552000
4588000
4624000
4660000
4696000
4732000
4768000
4804000
4840000
4876000
4912000
4948000
4984000
5020000
5056000
5092000
5128000
5164000
5200000
5236000
5272000
5308000
