203000
230000
257000
284000
311000
338000
365000
392000
419000
446000
473000
500000
527000
554000
581000
608000
635000
662000
689000
716000
743000
770000
797000
824000
851000
878000
905000
932000
959000
986000
1013000
1040000
1067000
1094000
1121000
1148000
1175000
1202000
1229000
1256000
1283000
1310000
1337000
1364000
1391000
1418000
1445000
1472000
1499000
1526000
1553000
1580000
1607000
1634000
1661000
1688000
1715000
1742000
1769000
1796000
1823000
1850000
1877000
1904000
1931000
1958000
1985000
2012000
2039000
2066000
2093000
2120000
2147000
2174000
2201000
2228000
2255000
2282000
2309000
2336000
2363000
2390000
2417000
2444000
2471000
2498000
2525000
2552000
2579000
2606000
2633000
2660000
2687000
2714000
2741000
2768000
2795000
2822000
2849000
2876000
2903000
2930000
2957000
2984000
3011000
3038000
3065000
3092000
3119000
3146000
3173000
3200000
3227000
3254000
3281000
3308000
3335000
3362000
3389000
3416000
3443000
3470000
3497000
3524000
3551000
3578000
3605000
3632000
3659000
3686000
3713000
3740000
3767000
3794000
3821000
3848000
3875000
3902000
3929000
3956000
