300000
327000
354000
381000
408000
435000
462000
489000
516000
543000
570000
597000
624000
651000
678000
705000
732000
759000
786000
813000
840000
867000
894000
921000
948000
975000
1002000
1029000
1056000
1083000
1110000
1137000
1164000
1191000
1218000
1245000
1272000
1299000
1326000
1353000
1380000
1407000
1434000
1461000
1488000
1515000
1542000
1569000
1596000
1623000
1650000
1677000
1704000
1731000
1758000
1785000
1812000
1839000
1866000
1893000
1920000
1947000
1974000
2001000
2028000
2055000
2082000
2109000
2136000
2163000
2190000
2217000
2244000
2271000
2298000
2325000
2352000
2379000
2406000
2433000
2460000
2487000
2514000
2541000
2568000
2595000
2622000
2649000
2676000
2703000
2730000
2757000
2784000
2811000
2838000
2865000
2892000
2919000
2946000
2973000
3000000
3027000
3054000
3081000
3108000
3135000
3162000
3189000
3216000
3243000
3270000
3297000
3324000
3351000
3378000
3405000
3432000
3459000
3486000
3513000
3540000
3567000
3594000
3621000
3648000
3675000
3702000
3729000
3756000
3783000
3810000
3837000
3864000
3891000
3918000
3945000
3972000
3999000
4026000
4053000
