4500
31500
58500
85500
112500
139500
166500
193500
220500
247500
274500
301500
328500
355500
382500
409500
436500
463500
490500
517500
544500
571500
598500
625500
652500
679500
706500
733500
760500
787500
814500
841500
868500
895500
922500
949500
976500
1003500
1030500
1057500
1084500
1111500
1138500
1165500
1192500
1219500
1246500
1273500
1300500
1327500
1354500
1381500
1408500
1435500
1462500
1489500
1516500
1543500
1570500
1597500
1624500
1651500
1678500
1705500
1732500
1759500
1786500
1813500
1840500
1867500
1894500
1921500
1948500
1975500
2002500
2029500
2056500
2083500
2110500
2137500
2164500
2191500
2218500
2245500
2272500
2299500
2326500
2353500
2380500
2407500
2434500
2461500
2488500
2515500
2542500
2569500
2596500
2623500
2650500
2677500
2704500
2731500
2758500
2785500
2812500
2839500
2866500
2893500
2920500
2947500
2974500
3001500
3028500
3055500
3082500
3109500
3136500
3163500
3190500
3217500
3244500
3271500
3298500
3325500
3352500
3379500
3406500
3433500
3460500
3487500
3514500
3541500
3568500
3595500
3622500
3649500
3676500
3703500
3730500
3757500
