0
27000
54000
81000
108000
135000
162000
189000
216000
243000
270000
297000
324000
351000
378000
405000
432000
459000
486000
513000
540000
567000
594000
621000
648000
675000
702000
729000
756000
783000
810000
837000
864000
891000
918000
945000
972000
999000
1026000
1053000
1080000
1107000
1134000
1161000
1188000
1215000
1242000
1269000
1296000
1323000
1350000
1377000
1404000
1431000
1458000
1485000
1512000
1539000
1566000
1593000
1620000
1647000
1674000
1701000
1728000
1755000
1782000
1809000
1836000
1863000
1890000
1917000
1944000
1971000
1998000
2025000
2052000
2079000
2106000
2133000
2160000
2187000
2214000
2241000
2268000
2295000
2322000
2349000
2376000
2403000
2430000
2457000
2484000
2511000
2538000
2565000
2592000
2619000
2646000
2673000
2700000
2727000
2754000
2781000
2808000
2835000
2862000
2889000
2916000
2943000
2970000
2997000
3024000
3051000
3078000
3105000
3132000
3159000
3186000
3213000
3240000
3267000
3294000
3321000
3348000
3375000
3402000
3429000
3456000
3483000
3510000
3537000
3564000
3591000
3618000
3645000
3672000
3699000
3726000
3753000
