104000
140000
176000
212000
248000
284000
320000
356000
392000
428000
464000
500000
536000
572000
608000
644000
680000
716000
752000
788000
824000
860000
896000
932000
968000
1004000
1040000
1076000
1112000
1148000
1184000
1220000
1256000
1292000
1328000
1364000
1400000
1436000
1472000
1508000
1544000
1580000
1616000
1652000
1688000
1724000
1760000
1796000
1832000
1868000
1904000
1940000
1976000
2012000
2048000
2084000
2120000
2156000
2192000
2228000
2264000
2300000
2336000
2372000
2408000
2444000
2480000
2516000
2552000
2588000
2624000
2660000
2696000
2732000
2768000
2804000
2840000
2876000
2912000
2948000
2984000
3020000
3056000
3092000
3128000
3164000
3200000
3236000
3272000
3308000
3344000
3380000
3416000
3452000
3488000
3524000
3560000
3596000
3632000
3668000
3704000
3740000
3776000
3812000
3848000
3884000
3920000
3956000
3992000
4028000
4064000
4100000
4136000
4172000
4208000
4244000
4280000
4316000
4352000
4388000
4424000
4460000
4496000
4532000
4568000
4604000
4640000
4676000
4712000
4748000
4784000
4820000
4856000
4892000
4928000
4964000
5000000
5036000
5072000
5108000
