204500
231500
258500
285500
312500
339500
366500
393500
420500
447500
474500
501500
528500
555500
582500
609500
636500
663500
690500
717500
744500
771500
798500
825500
852500
879500
906500
933500
960500
987500
1014500
1041500
1068500
1095500
1122500
1149500
1176500
1203500
1230500
1257500
1284500
1311500
1338500
1365500
1392500
1419500
1446500
1473500
1500500
1527500
1554500
1581500
1608500
1635500
1662500
1689500
1716500
1743500
1770500
1797500
1824500
1851500
1878500
1905500
1932500
1959500
1986500
2013500
2040500
2067500
2094500
2121500
2148500
2175500
2202500
2229500
2256500
2283500
2310500
2337500
2364500
2391500
2418500
2445500
2472500
2499500
2526500
2553500
2580500
2607500
2634500
2661500
2688500
2715500
2742500
2769500
2796500
2823500
2850500
2877500
2904500
2931500
2958500
2985500
3012500
3039500
3066500
3093500
3120500
3147500
3174500
3201500
3228500
3255500
3282500
3309500
3336500
3363500
3390500
3417500
3444500
3471500
3498500
3525500
3552500
3579500
3606500
3633500
3660500
3687500
3714500
3741500
3768500
3795500
3822500
3849500
3876500
3903500
3930500
3957500
