6000
7500
9000
10500
12000
13500
15000
16500
18000
19500
33000
34500
36000
37500
39000
40500
42000
43500
45000
46500
60000
61500
63000
64500
66000
67500
69000
70500
72000
73500
87000
88500
90000
91500
93000
94500
96000
97500
99000
100500
114000
115500
117000
118500
120000
121500
123000
124500
126000
127500
141000
142500
144000
145500
147000
148500
150000
151500
153000
154500
168000
169500
171000
172500
174000
175500
177000
178500
180000
181500
195000
196500
198000
199500
201000
202500
204000
205500
207000
208500
222000
223500
225000
226500
228000
229500
231000
232500
234000
235500
249000
250500
252000
253500
255000
256500
258000
259500
261000
262500
276000
277500
279000
280500
282000
283500
285000
286500
288000
289500
303000
304500
306000
307500
309000
310500
312000
313500
315000
316500
330000
331500
333000
334500
336000
337500
339000
340500
342000
343500
357000
358500
360000
361500
363000
364500
366000
367500
369000
370500
384000
385500
387000
388500
390000
391500
393000
394500
396000
397500
411000
412500
414000
415500
417000
418500
420000
421500
423000
424500
438000
439500
441000
442500
444000
445500
447000
448500
450000
451500
465000
466500
468000
469500
471000
472500
474000
475500
477000
478500
492000
493500
495000
496500
498000
499500
501000
502500
504000
505500
519000
520500
522000
523500
525000
526500
528000
529500
531000
532500
546000
547500
549000
550500
552000
553500
555000
556500
558000
559500
573000
574500
576000
577500
579000
580500
582000
583500
585000
586500
600000
601500
603000
604500
606000
607500
609000
610500
612000
613500
627000
628500
630000
631500
633000
634500
636000
637500
639000
640500
654000
655500
657000
658500
660000
661500
663000
664500
666000
667500
681000
682500
684000
685500
687000
688500
690000
691500
693000
694500
708000
709500
711000
712500
714000
715500
717000
718500
720000
721500
735000
736500
738000
739500
741000
742500
744000
745500
747000
748500
762000
763500
765000
766500
768000
769500
771000
772500
774000
775500
789000
790500
792000
793500
795000
796500
798000
799500
801000
802500
816000
817500
819000
820500
822000
823500
825000
826500
828000
829500
843000
844500
846000
847500
849000
850500
852000
853500
855000
856500
870000
871500
873000
874500
876000
877500
879000
880500
882000
883500
897000
898500
900000
901500
903000
904500
906000
907500
909000
910500
924000
925500
927000
928500
930000
931500
933000
934500
936000
937500
951000
952500
954000
955500
957000
958500
960000
961500
963000
964500
978000
979500
981000
982500
984000
985500
987000
988500
990000
991500
1005000
1006500
1008000
1009500
1011000
1012500
1014000
1015500
1017000
1018500
1032000
1033500
1035000
1036500
1038000
1039500
1041000
1042500
1044000
1045500
1059000
1060500
1062000
1063500
1065000
1066500
1068000
1069500
1071000
1072500
1086000
1087500
1089000
1090500
1092000
1093500
1095000
1096500
1098000
1099500
1113000
1114500
1116000
1117500
1119000
1120500
1122000
1123500
1125000
1126500
1140000
1141500
1143000
1144500
1146000
1147500
1149000
1150500
1152000
1153500
1167000
1168500
1170000
1171500
1173000
1174500
1176000
1177500
1179000
1180500
1194000
1195500
1197000
1198500
1200000
1201500
1203000
1204500
1206000
1207500
1221000
1222500
1224000
1225500
1227000
1228500
1230000
1231500
1233000
1234500
1248000
1249500
1251000
1252500
1254000
1255500
1257000
1258500
1260000
1261500
1275000
1276500
1278000
1279500
1281000
1282500
1284000
1285500
1287000
1288500
1302000
1303500
1305000
1306500
1308000
1309500
1311000
1312500
1314000
1315500
1329000
1330500
1332000
1333500
1335000
1336500
1338000
1339500
1341000
1342500
1356000
1357500
1359000
1360500
1362000
1363500
1365000
1366500
1368000
1369500
1383000
1384500
1386000
1387500
1389000
1390500
1392000
1393500
1395000
1396500
1410000
1411500
1413000
1414500
1416000
1417500
1419000
1420500
1422000
1423500
1437000
1438500
1440000
1441500
1443000
1444500
1446000
1447500
1449000
1450500
1464000
1465500
1467000
1468500
1470000
1471500
1473000
1474500
1476000
1477500
1491000
1492500
1494000
1495500
1497000
1498500
1500000
1501500
1503000
1504500
1518000
1519500
1521000
1522500
1524000
1525500
1527000
1528500
1530000
1531500
1545000
1546500
1548000
1549500
1551000
1552500
1554000
1555500
1557000
1558500
1572000
1573500
1575000
1576500
1578000
1579500
1581000
1582500
1584000
1585500
1599000
1600500
1602000
1603500
1605000
1606500
1608000
1609500
1611000
1612500
1626000
1627500
1629000
1630500
1632000
1633500
1635000
1636500
1638000
1639500
1653000
1654500
1656000
1657500
1659000
1660500
1662000
1663500
1665000
1666500
1680000
1681500
1683000
1684500
1686000
1687500
1689000
1690500
1692000
1693500
1707000
1708500
1710000
1711500
1713000
1714500
1716000
1717500
1719000
1720500
1734000
1735500
1737000
1738500
1740000
1741500
1743000
1744500
1746000
1747500
1761000
1762500
1764000
1765500
1767000
1768500
1770000
1771500
1773000
1774500
1788000
1789500
1791000
1792500
1794000
1795500
1797000
1798500
1800000
1801500
1815000
1816500
1818000
1819500
1821000
1822500
1824000
1825500
1827000
1828500
1842000
1843500
1845000
1846500
1848000
1849500
1851000
1852500
1854000
1855500
1869000
1870500
1872000
1873500
1875000
1876500
1878000
1879500
1881000
1882500
1896000
1897500
1899000
1900500
1902000
1903500
1905000
1906500
1908000
1909500
1923000
1924500
1926000
1927500
1929000
1930500
1932000
1933500
1935000
1936500
1950000
1951500
1953000
1954500
1956000
1957500
1959000
1960500
1962000
1963500
1977000
1978500
1980000
1981500
1983000
1984500
1986000
1987500
1989000
1990500
2004000
2005500
2007000
2008500
2010000
2011500
2013000
2014500
2016000
2017500
2031000
2032500
2034000
2035500
2037000
2038500
2040000
2041500
2043000
2044500
2058000
2059500
2061000
2062500
2064000
2065500
2067000
2068500
2070000
2071500
2085000
2086500
2088000
2089500
2091000
2092500
2094000
2095500
2097000
2098500
2112000
2113500
2115000
2116500
2118000
2119500
2121000
2122500
2124000
2125500
2139000
2140500
2142000
2143500
2145000
2146500
2148000
2149500
2151000
2152500
2166000
2167500
2169000
2170500
2172000
2173500
2175000
2176500
2178000
2179500
2193000
2194500
2196000
2197500
2199000
2200500
2202000
2203500
2205000
2206500
2220000
2221500
2223000
2224500
2226000
2227500
2229000
2230500
2232000
2233500
2247000
2248500
2250000
2251500
2253000
2254500
2256000
2257500
2259000
2260500
2274000
2275500
2277000
2278500
2280000
2281500
2283000
2284500
2286000
2287500
2301000
2302500
2304000
2305500
2307000
2308500
2310000
2311500
2313000
2314500
2328000
2329500
2331000
2332500
2334000
2335500
2337000
2338500
2340000
2341500
2355000
2356500
2358000
2359500
2361000
2362500
2364000
2365500
2367000
2368500
2382000
2383500
2385000
2386500
2388000
2389500
2391000
2392500
2394000
2395500
2409000
2410500
2412000
2413500
2415000
2416500
2418000
2419500
2421000
2422500
2436000
2437500
2439000
2440500
2442000
2443500
2445000
2446500
2448000
2449500
2463000
2464500
2466000
2467500
2469000
2470500
2472000
2473500
2475000
2476500
2490000
2491500
2493000
2494500
2496000
2497500
2499000
2500500
2502000
2503500
2517000
2518500
2520000
2521500
2523000
2524500
2526000
2527500
2529000
2530500
2544000
2545500
2547000
2548500
2550000
2551500
2553000
2554500
2556000
2557500
2571000
2572500
2574000
2575500
2577000
2578500
2580000
2581500
2583000
2584500
2598000
2599500
2601000
2602500
2604000
2605500
2607000
2608500
2610000
2611500
2625000
2626500
2628000
2629500
2631000
2632500
2634000
2635500
2637000
2638500
2652000
2653500
2655000
2656500
2658000
2659500
2661000
2662500
2664000
2665500
2679000
2680500
2682000
2683500
2685000
2686500
2688000
2689500
2691000
2692500
2706000
2707500
2709000
2710500
2712000
2713500
2715000
2716500
2718000
2719500
2733000
2734500
2736000
2737500
2739000
2740500
2742000
2743500
2745000
2746500
2760000
2761500
2763000
2764500
2766000
2767500
2769000
2770500
2772000
2773500
2787000
2788500
2790000
2791500
2793000
2794500
2796000
2797500
2799000
2800500
2814000
2815500
2817000
2818500
2820000
2821500
2823000
2824500
2826000
2827500
2841000
2842500
2844000
2845500
2847000
2848500
2850000
2851500
2853000
2854500
2868000
2869500
2871000
2872500
2874000
2875500
2877000
2878500
2880000
2881500
2895000
2896500
2898000
2899500
2901000
2902500
2904000
2905500
2907000
2908500
2922000
2923500
2925000
2926500
2928000
2929500
2931000
2932500
2934000
2935500
2949000
2950500
2952000
2953500
2955000
2956500
2958000
2959500
2961000
2962500
2976000
2977500
2979000
2980500
2982000
2983500
2985000
2986500
2988000
2989500
3003000
3004500
3006000
3007500
3009000
3010500
3012000
3013500
3015000
3016500
3030000
3031500
3033000
3034500
3036000
3037500
3039000
3040500
3042000
3043500
3057000
3058500
3060000
3061500
3063000
3064500
3066000
3067500
3069000
3070500
3084000
3085500
3087000
3088500
3090000
3091500
3093000
3094500
3096000
3097500
3111000
3112500
3114000
3115500
3117000
3118500
3120000
3121500
3123000
3124500
3138000
3139500
3141000
3142500
3144000
3145500
3147000
3148500
3150000
3151500
3165000
3166500
3168000
3169500
3171000
3172500
3174000
3175500
3177000
3178500
3192000
3193500
3195000
3196500
3198000
3199500
3201000
3202500
3204000
3205500
3219000
3220500
3222000
3223500
3225000
3226500
3228000
3229500
3231000
3232500
3246000
3247500
3249000
3250500
3252000
3253500
3255000
3256500
3258000
3259500
3273000
3274500
3276000
3277500
3279000
3280500
3282000
3283500
3285000
3286500
3300000
3301500
3303000
3304500
3306000
3307500
3309000
3310500
3312000
3313500
3327000
3328500
3330000
3331500
3333000
3334500
3336000
3337500
3339000
3340500
3354000
3355500
3357000
3358500
3360000
3361500
3363000
3364500
3366000
3367500
3381000
3382500
3384000
3385500
3387000
3388500
3390000
3391500
3393000
3394500
3408000
3409500
3411000
3412500
3414000
3415500
3417000
3418500
3420000
3421500
3435000
3436500
3438000
3439500
3441000
3442500
3444000
3445500
3447000
3448500
3462000
3463500
3465000
3466500
3468000
3469500
3471000
3472500
3474000
3475500
3489000
3490500
3492000
3493500
3495000
3496500
3498000
3499500
3501000
3502500
3516000
3517500
3519000
3520500
3522000
3523500
3525000
3526500
3528000
3529500
3543000
3544500
3546000
3547500
3549000
3550500
3552000
3553500
3555000
3556500
3570000
3571500
3573000
3574500
3576000
3577500
3579000
3580500
3582000
3583500
3597000
3598500
3600000
3601500
3603000
3604500
3606000
3607500
3609000
3610500
3624000
3625500
3627000
3628500
3630000
3631500
3633000
3634500
3636000
3637500
3651000
3652500
3654000
3655500
3657000
3658500
3660000
3661500
3663000
3664500
3678000
3679500
3681000
3682500
3684000
3685500
3687000
3688500
3690000
3691500
3705000
3706500
3708000
3709500
3711000
3712500
3714000
3715500
3717000
3718500
3732000
3733500
3735000
3736500
3738000
3739500
3741000
3742500
3744000
3745500
3759000
3760500
3762000
3763500
3765000
3766500
3768000
3769500
3771000
3772500
