300000
336000
372000
408000
444000
480000
516000
552000
588000
624000
660000
696000
732000
768000
804000
840000
876000
912000
948000
984000
1020000
1056000
1092000
1128000
1164000
1200000
1236000
1272000
1308000
1344000
1380000
1416000
1452000
1488000
1524000
1560000
1596000
1632000
1668000
1704000
1740000
1776000
1812000
1848000
1884000
1920000
1956000
1992000
2028000
2064000
2100000
2136000
2172000
2208000
2244000
2280000
2316000
2352000
2388000
2424000
2460000
2496000
2532000
2568000
2604000
2640000
2676000
2712000
2748000
2784000
2820000
2856000
2892000
2928000
2964000
3000000
3036000
3072000
3108000
3144000
3180000
3216000
3252000
3288000
3324000
3360000
3396000
3432000
3468000
3504000
3540000
3576000
3612000
3648000
3684000
3720000
3756000
3792000
3828000
3864000
3900000
3936000
3972000
4008000
4044000
4080000
4116000
4152000
4188000
4224000
4260000
4296000
4332000
4368000
4404000
4440000
4476000
4512000
4548000
4584000
4620000
4656000
4692000
4728000
4764000
4800000
4836000
4872000
4908000
4944000
4980000
5016000
5052000
5088000
5124000
5160000
5196000
5232000
5268000
5304000
