206000
207500
209000
210500
212000
213500
215000
216500
218000
219500
233000
234500
236000
237500
239000
240500
242000
243500
245000
246500
260000
261500
263000
264500
266000
267500
269000
270500
272000
273500
287000
288500
290000
291500
293000
294500
296000
297500
299000
300500
314000
315500
317000
318500
320000
321500
323000
324500
326000
327500
341000
342500
344000
345500
347000
348500
350000
351500
353000
354500
368000
369500
371000
372500
374000
375500
377000
378500
380000
381500
395000
396500
398000
399500
401000
402500
404000
405500
407000
408500
422000
423500
425000
426500
428000
429500
431000
432500
434000
435500
449000
450500
452000
453500
455000
456500
458000
459500
461000
462500
476000
477500
479000
480500
482000
483500
485000
486500
488000
489500
503000
504500
506000
507500
509000
510500
512000
513500
515000
516500
530000
531500
533000
534500
536000
537500
539000
540500
542000
543500
557000
558500
560000
561500
563000
564500
566000
567500
569000
570500
584000
585500
587000
588500
590000
591500
593000
594500
596000
597500
611000
612500
614000
615500
617000
618500
620000
621500
623000
624500
638000
639500
641000
642500
644000
645500
647000
648500
650000
651500
665000
666500
668000
669500
671000
672500
674000
675500
677000
678500
692000
693500
695000
696500
698000
699500
701000
702500
704000
705500
719000
720500
722000
723500
725000
726500
728000
729500
731000
732500
746000
747500
749000
750500
752000
753500
755000
756500
758000
759500
773000
774500
776000
777500
779000
780500
782000
783500
785000
786500
800000
801500
803000
804500
806000
807500
809000
810500
812000
813500
827000
828500
830000
831500
833000
834500
836000
837500
839000
840500
854000
855500
857000
858500
860000
861500
863000
864500
866000
867500
881000
882500
884000
885500
887000
888500
890000
891500
893000
894500
908000
909500
911000
912500
914000
915500
917000
918500
920000
921500
935000
936500
938000
939500
941000
942500
944000
945500
947000
948500
962000
963500
965000
966500
968000
969500
971000
972500
974000
975500
989000
990500
992000
993500
995000
996500
998000
999500
1001000
1002500
1016000
1017500
1019000
1020500
1022000
1023500
1025000
1026500
1028000
1029500
1043000
1044500
1046000
1047500
1049000
1050500
1052000
1053500
1055000
1056500
1070000
1071500
1073000
1074500
1076000
1077500
1079000
1080500
1082000
1083500
1097000
1098500
1100000
1101500
1103000
1104500
1106000
1107500
1109000
1110500
1124000
1125500
1127000
1128500
1130000
1131500
1133000
1134500
1136000
1137500
1151000
1152500
1154000
1155500
1157000
1158500
1160000
1161500
1163000
1164500
1178000
1179500
1181000
1182500
1184000
1185500
1187000
1188500
1190000
1191500
1205000
1206500
1208000
1209500
1211000
1212500
1214000
1215500
1217000
1218500
1232000
1233500
1235000
1236500
1238000
1239500
1241000
1242500
1244000
1245500
1259000
1260500
1262000
1263500
1265000
1266500
1268000
1269500
1271000
1272500
1286000
1287500
1289000
1290500
1292000
1293500
1295000
1296500
1298000
1299500
1313000
1314500
1316000
1317500
1319000
1320500
1322000
1323500
1325000
1326500
1340000
1341500
1343000
1344500
1346000
1347500
1349000
1350500
1352000
1353500
1367000
1368500
1370000
1371500
1373000
1374500
1376000
1377500
1379000
1380500
1394000
1395500
1397000
1398500
1400000
1401500
1403000
1404500
1406000
1407500
1421000
1422500
1424000
1425500
1427000
1428500
1430000
1431500
1433000
1434500
1448000
1449500
1451000
1452500
1454000
1455500
1457000
1458500
1460000
1461500
1475000
1476500
1478000
1479500
1481000
1482500
1484000
1485500
1487000
1488500
1502000
1503500
1505000
1506500
1508000
1509500
1511000
1512500
1514000
1515500
1529000
1530500
1532000
1533500
1535000
1536500
1538000
1539500
1541000
1542500
1556000
1557500
1559000
1560500
1562000
1563500
1565000
1566500
1568000
1569500
1583000
1584500
1586000
1587500
1589000
1590500
1592000
1593500
1595000
1596500
1610000
1611500
1613000
1614500
1616000
1617500
1619000
1620500
1622000
1623500
1637000
1638500
1640000
1641500
1643000
1644500
1646000
1647500
1649000
1650500
1664000
1665500
1667000
1668500
1670000
1671500
1673000
1674500
1676000
1677500
1691000
1692500
1694000
1695500
1697000
1698500
1700000
1701500
1703000
1704500
1718000
1719500
1721000
1722500
1724000
1725500
1727000
1728500
1730000
1731500
1745000
1746500
1748000
1749500
1751000
1752500
1754000
1755500
1757000
1758500
1772000
1773500
1775000
1776500
1778000
1779500
1781000
1782500
1784000
1785500
1799000
1800500
1802000
1803500
1805000
1806500
1808000
1809500
1811000
1812500
1826000
1827500
1829000
1830500
1832000
1833500
1835000
1836500
1838000
1839500
1853000
1854500
1856000
1857500
1859000
1860500
1862000
1863500
1865000
1866500
1880000
1881500
1883000
1884500
1886000
1887500
1889000
1890500
1892000
1893500
1907000
1908500
1910000
1911500
1913000
1914500
1916000
1917500
1919000
1920500
1934000
1935500
1937000
1938500
1940000
1941500
1943000
1944500
1946000
1947500
1961000
1962500
1964000
1965500
1967000
1968500
1970000
1971500
1973000
1974500
1988000
1989500
1991000
1992500
1994000
1995500
1997000
1998500
2000000
2001500
2015000
2016500
2018000
2019500
2021000
2022500
2024000
2025500
2027000
2028500
2042000
2043500
2045000
2046500
2048000
2049500
2051000
2052500
2054000
2055500
2069000
2070500
2072000
2073500
2075000
2076500
2078000
2079500
2081000
2082500
2096000
2097500
2099000
2100500
2102000
2103500
2105000
2106500
2108000
2109500
2123000
2124500
2126000
2127500
2129000
2130500
2132000
2133500
2135000
2136500
2150000
2151500
2153000
2154500
2156000
2157500
2159000
2160500
2162000
2163500
2177000
2178500
2180000
2181500
2183000
2184500
2186000
2187500
2189000
2190500
2204000
2205500
2207000
2208500
2210000
2211500
2213000
2214500
2216000
2217500
2231000
2232500
2234000
2235500
2237000
2238500
2240000
2241500
2243000
2244500
2258000
2259500
2261000
2262500
2264000
2265500
2267000
2268500
2270000
2271500
2285000
2286500
2288000
2289500
2291000
2292500
2294000
2295500
2297000
2298500
2312000
2313500
2315000
2316500
2318000
2319500
2321000
2322500
2324000
2325500
2339000
2340500
2342000
2343500
2345000
2346500
2348000
2349500
2351000
2352500
2366000
2367500
2369000
2370500
2372000
2373500
2375000
2376500
2378000
2379500
2393000
2394500
2396000
2397500
2399000
2400500
2402000
2403500
2405000
2406500
2420000
2421500
2423000
2424500
2426000
2427500
2429000
2430500
2432000
2433500
2447000
2448500
2450000
2451500
2453000
2454500
2456000
2457500
2459000
2460500
2474000
2475500
2477000
2478500
2480000
2481500
2483000
2484500
2486000
2487500
2501000
2502500
2504000
2505500
2507000
2508500
2510000
2511500
2513000
2514500
2528000
2529500
2531000
2532500
2534000
2535500
2537000
2538500
2540000
2541500
2555000
2556500
2558000
2559500
2561000
2562500
2564000
2565500
2567000
2568500
2582000
2583500
2585000
2586500
2588000
2589500
2591000
2592500
2594000
2595500
2609000
2610500
2612000
2613500
2615000
2616500
2618000
2619500
2621000
2622500
2636000
2637500
2639000
2640500
2642000
2643500
2645000
2646500
2648000
2649500
2663000
2664500
2666000
2667500
2669000
2670500
2672000
2673500
2675000
2676500
2690000
2691500
2693000
2694500
2696000
2697500
2699000
2700500
2702000
2703500
2717000
2718500
2720000
2721500
2723000
2724500
2726000
2727500
2729000
2730500
2744000
2745500
2747000
2748500
2750000
2751500
2753000
2754500
2756000
2757500
2771000
2772500
2774000
2775500
2777000
2778500
2780000
2781500
2783000
2784500
2798000
2799500
2801000
2802500
2804000
2805500
2807000
2808500
2810000
2811500
2825000
2826500
2828000
2829500
2831000
2832500
2834000
2835500
2837000
2838500
2852000
2853500
2855000
2856500
2858000
2859500
2861000
2862500
2864000
2865500
2879000
2880500
2882000
2883500
2885000
2886500
2888000
2889500
2891000
2892500
2906000
2907500
2909000
2910500
2912000
2913500
2915000
2916500
2918000
2919500
2933000
2934500
2936000
2937500
2939000
2940500
2942000
2943500
2945000
2946500
2960000
2961500
2963000
2964500
2966000
2967500
2969000
2970500
2972000
2973500
2987000
2988500
2990000
2991500
2993000
2994500
2996000
2997500
2999000
3000500
3014000
3015500
3017000
3018500
3020000
3021500
3023000
3024500
3026000
3027500
3041000
3042500
3044000
3045500
3047000
3048500
3050000
3051500
3053000
3054500
3068000
3069500
3071000
3072500
3074000
3075500
3077000
3078500
3080000
3081500
3095000
3096500
3098000
3099500
3101000
3102500
3104000
3105500
3107000
3108500
3122000
3123500
3125000
3126500
3128000
3129500
3131000
3132500
3134000
3135500
3149000
3150500
3152000
3153500
3155000
3156500
3158000
3159500
3161000
3162500
3176000
3177500
3179000
3180500
3182000
3183500
3185000
3186500
3188000
3189500
3203000
3204500
3206000
3207500
3209000
3210500
3212000
3213500
3215000
3216500
3230000
3231500
3233000
3234500
3236000
3237500
3239000
3240500
3242000
3243500
3257000
3258500
3260000
3261500
3263000
3264500
3266000
3267500
3269000
3270500
3284000
3285500
3287000
3288500
3290000
3291500
3293000
3294500
3296000
3297500
3311000
3312500
3314000
3315500
3317000
3318500
3320000
3321500
3323000
3324500
3338000
3339500
3341000
3342500
3344000
3345500
3347000
3348500
3350000
3351500
3365000
3366500
3368000
3369500
3371000
3372500
3374000
3375500
3377000
3378500
3392000
3393500
3395000
3396500
3398000
3399500
3401000
3402500
3404000
3405500
3419000
3420500
3422000
3423500
3425000
3426500
3428000
3429500
3431000
3432500
3446000
3447500
3449000
3450500
3452000
3453500
3455000
3456500
3458000
3459500
3473000
3474500
3476000
3477500
3479000
3480500
3482000
3483500
3485000
3486500
3500000
3501500
3503000
3504500
3506000
3507500
3509000
3510500
3512000
3513500
3527000
3528500
3530000
3531500
3533000
3534500
3536000
3537500
3539000
3540500
3554000
3555500
3557000
3558500
3560000
3561500
3563000
3564500
3566000
3567500
3581000
3582500
3584000
3585500
3587000
3588500
3590000
3591500
3593000
3594500
3608000
3609500
3611000
3612500
3614000
3615500
3617000
3618500
3620000
3621500
3635000
3636500
3638000
3639500
3641000
3642500
3644000
3645500
3647000
3648500
3662000
3663500
3665000
3666500
3668000
3669500
3671000
3672500
3674000
3675500
3689000
3690500
3692000
3693500
3695000
3696500
3698000
3699500
3701000
3702500
3716000
3717500
3719000
3720500
3722000
3723500
3725000
3726500
3728000
3729500
3743000
3744500
3746000
3747500
3749000
3750500
3752000
3753500
3755000
3756500
3770000
3771500
3773000
3774500
3776000
3777500
3779000
3780500
3782000
3783500
3797000
3798500
3800000
3801500
3803000
3804500
3806000
3807500
3809000
3810500
3824000
3825500
3827000
3828500
3830000
3831500
3833000
3834500
3836000
3837500
3851000
3852500
3854000
3855500
3857000
3858500
3860000
3861500
3863000
3864500
3878000
3879500
3881000
3882500
3884000
3885500
3887000
3888500
3890000
3891500
3905000
3906500
3908000
3909500
3911000
3912500
3914000
3915500
3917000
3918500
3932000
3933500
3935000
3936500
3938000
3939500
3941000
3942500
3944000
3945500
3959000
3960500
3962000
3963500
3965000
3966500
3968000
3969500
3971000
3972500
