1500
3000
4500
6000
7500
28500
30000
31500
33000
34500
55500
57000
58500
60000
61500
82500
84000
85500
87000
88500
109500
111000
112500
114000
115500
136500
138000
139500
141000
142500
163500
165000
166500
168000
169500
190500
192000
193500
195000
196500
217500
219000
220500
222000
223500
244500
246000
247500
249000
250500
271500
273000
274500
276000
277500
298500
300000
301500
303000
304500
325500
327000
328500
330000
331500
352500
354000
355500
357000
358500
379500
381000
382500
384000
385500
406500
408000
409500
411000
412500
433500
435000
436500
438000
439500
460500
462000
463500
465000
466500
487500
489000
490500
492000
493500
514500
516000
517500
519000
520500
541500
543000
544500
546000
547500
568500
570000
571500
573000
574500
595500
597000
598500
600000
601500
622500
624000
625500
627000
628500
649500
651000
652500
654000
655500
676500
678000
679500
681000
682500
703500
705000
706500
708000
709500
730500
732000
733500
735000
736500
757500
759000
760500
762000
763500
784500
786000
787500
789000
790500
811500
813000
814500
816000
817500
838500
840000
841500
843000
844500
865500
867000
868500
870000
871500
892500
894000
895500
897000
898500
919500
921000
922500
924000
925500
946500
948000
949500
951000
952500
973500
975000
976500
978000
979500
1000500
1002000
1003500
1005000
1006500
1027500
1029000
1030500
1032000
1033500
1054500
1056000
1057500
1059000
1060500
1081500
1083000
1084500
1086000
1087500
1108500
1110000
1111500
1113000
1114500
1135500
1137000
1138500
1140000
1141500
1162500
1164000
1165500
1167000
1168500
1189500
1191000
1192500
1194000
1195500
1216500
1218000
1219500
1221000
1222500
1243500
1245000
1246500
1248000
1249500
1270500
1272000
1273500
1275000
1276500
1297500
1299000
1300500
1302000
1303500
1324500
1326000
1327500
1329000
1330500
1351500
1353000
1354500
1356000
1357500
1378500
1380000
1381500
1383000
1384500
1405500
1407000
1408500
1410000
1411500
1432500
1434000
1435500
1437000
1438500
1459500
1461000
1462500
1464000
1465500
1486500
1488000
1489500
1491000
1492500
1513500
1515000
1516500
1518000
1519500
1540500
1542000
1543500
1545000
1546500
1567500
1569000
1570500
1572000
1573500
1594500
1596000
1597500
1599000
1600500
1621500
1623000
1624500
1626000
1627500
1648500
1650000
1651500
1653000
1654500
1675500
1677000
1678500
1680000
1681500
1702500
1704000
1705500
1707000
1708500
1729500
1731000
1732500
1734000
1735500
1756500
1758000
1759500
1761000
1762500
1783500
1785000
1786500
1788000
1789500
1810500
1812000
1813500
1815000
1816500
1837500
1839000
1840500
1842000
1843500
1864500
1866000
1867500
1869000
1870500
1891500
1893000
1894500
1896000
1897500
1918500
1920000
1921500
1923000
1924500
1945500
1947000
1948500
1950000
1951500
1972500
1974000
1975500
1977000
1978500
1999500
2001000
2002500
2004000
2005500
2026500
2028000
2029500
2031000
2032500
2053500
2055000
2056500
2058000
2059500
2080500
2082000
2083500
2085000
2086500
2107500
2109000
2110500
2112000
2113500
2134500
2136000
2137500
2139000
2140500
2161500
2163000
2164500
2166000
2167500
2188500
2190000
2191500
2193000
2194500
2215500
2217000
2218500
2220000
2221500
2242500
2244000
2245500
2247000
2248500
2269500
2271000
2272500
2274000
2275500
2296500
2298000
2299500
2301000
2302500
2323500
2325000
2326500
2328000
2329500
2350500
2352000
2353500
2355000
2356500
2377500
2379000
2380500
2382000
2383500
2404500
2406000
2407500
2409000
2410500
2431500
2433000
2434500
2436000
2437500
2458500
2460000
2461500
2463000
2464500
2485500
2487000
2488500
2490000
2491500
2512500
2514000
2515500
2517000
2518500
2539500
2541000
2542500
2544000
2545500
2566500
2568000
2569500
2571000
2572500
2593500
2595000
2596500
2598000
2599500
2620500
2622000
2623500
2625000
2626500
2647500
2649000
2650500
2652000
2653500
2674500
2676000
2677500
2679000
2680500
2701500
2703000
2704500
2706000
2707500
2728500
2730000
2731500
2733000
2734500
2755500
2757000
2758500
2760000
2761500
2782500
2784000
2785500
2787000
2788500
2809500
2811000
2812500
2814000
2815500
2836500
2838000
2839500
2841000
2842500
2863500
2865000
2866500
2868000
2869500
2890500
2892000
2893500
2895000
2896500
2917500
2919000
2920500
2922000
2923500
2944500
2946000
2947500
2949000
2950500
2971500
2973000
2974500
2976000
2977500
2998500
3000000
3001500
3003000
3004500
3025500
3027000
3028500
3030000
3031500
3052500
3054000
3055500
3057000
3058500
3079500
3081000
3082500
3084000
3085500
3106500
3108000
3109500
3111000
3112500
3133500
3135000
3136500
3138000
3139500
3160500
3162000
3163500
3165000
3166500
3187500
3189000
3190500
3192000
3193500
3214500
3216000
3217500
3219000
3220500
3241500
3243000
3244500
3246000
3247500
3268500
3270000
3271500
3273000
3274500
3295500
3297000
3298500
3300000
3301500
3322500
3324000
3325500
3327000
3328500
3349500
3351000
3352500
3354000
3355500
3376500
3378000
3379500
3381000
3382500
3403500
3405000
3406500
3408000
3409500
3430500
3432000
3433500
3435000
3436500
3457500
3459000
3460500
3462000
3463500
3484500
3486000
3487500
3489000
3490500
3511500
3513000
3514500
3516000
3517500
3538500
3540000
3541500
3543000
3544500
3565500
3567000
3568500
3570000
3571500
3592500
3594000
3595500
3597000
3598500
3619500
3621000
3622500
3624000
3625500
3646500
3648000
3649500
3651000
3652500
3673500
3675000
3676500
3678000
3679500
3700500
3702000
3703500
3705000
3706500
3727500
3729000
3730500
3732000
3733500
3754500
3756000
3757500
3759000
3760500
