303000
330000
357000
384000
411000
438000
465000
492000
519000
546000
573000
600000
627000
654000
681000
708000
735000
762000
789000
816000
843000
870000
897000
924000
951000
978000
1005000
1032000
1059000
1086000
1113000
1140000
1167000
1194000
1221000
1248000
1275000
1302000
1329000
1356000
1383000
1410000
1437000
1464000
1491000
1518000
1545000
1572000
1599000
1626000
1653000
1680000
1707000
1734000
1761000
1788000
1815000
1842000
1869000
1896000
1923000
1950000
1977000
2004000
2031000
2058000
2085000
2112000
2139000
2166000
2193000
2220000
2247000
2274000
2301000
2328000
2355000
2382000
2409000
2436000
2463000
2490000
2517000
2544000
2571000
2598000
2625000
2652000
2679000
2706000
2733000
2760000
2787000
2814000
2841000
2868000
2895000
2922000
2949000
2976000
3003000
3030000
3057000
3084000
3111000
3138000
3165000
3192000
3219000
3246000
3273000
3300000
3327000
3354000
3381000
3408000
3435000
3462000
3489000
3516000
3543000
3570000
3597000
3624000
3651000
3678000
3705000
3732000
3759000
3786000
3813000
3840000
3867000
3894000
3921000
3948000
3975000
4002000
4029000
4056000
