102000
104000
106000
108000
110000
138000
140000
142000
144000
146000
174000
176000
178000
180000
182000
210000
212000
214000
216000
218000
246000
248000
250000
252000
254000
282000
284000
286000
288000
290000
318000
320000
322000
324000
326000
354000
356000
358000
360000
362000
390000
392000
394000
396000
398000
426000
428000
430000
432000
434000
462000
464000
466000
468000
470000
498000
500000
502000
504000
506000
534000
536000
538000
540000
542000
570000
572000
574000
576000
578000
606000
608000
610000
612000
614000
642000
644000
646000
648000
650000
678000
680000
682000
684000
686000
714000
716000
718000
720000
722000
750000
752000
754000
756000
758000
786000
788000
790000
792000
794000
822000
824000
826000
828000
830000
858000
860000
862000
864000
866000
894000
896000
898000
900000
902000
930000
932000
934000
936000
938000
966000
968000
970000
972000
974000
1002000
1004000
1006000
1008000
1010000
1038000
1040000
1042000
1044000
1046000
1074000
1076000
1078000
1080000
1082000
1110000
1112000
1114000
1116000
1118000
1146000
1148000
1150000
1152000
1154000
1182000
1184000
1186000
1188000
1190000
1218000
1220000
1222000
1224000
1226000
1254000
1256000
1258000
1260000
1262000
1290000
1292000
1294000
1296000
1298000
1326000
1328000
1330000
1332000
1334000
1362000
1364000
1366000
1368000
1370000
1398000
1400000
1402000
1404000
1406000
1434000
1436000
1438000
1440000
1442000
1470000
1472000
1474000
1476000
1478000
1506000
1508000
1510000
1512000
1514000
1542000
1544000
1546000
1548000
1550000
1578000
1580000
1582000
1584000
1586000
1614000
1616000
1618000
1620000
1622000
1650000
1652000
1654000
1656000
1658000
1686000
1688000
1690000
1692000
1694000
1722000
1724000
1726000
1728000
1730000
1758000
1760000
1762000
1764000
1766000
1794000
1796000
1798000
1800000
1802000
1830000
1832000
1834000
1836000
1838000
1866000
1868000
1870000
1872000
1874000
1902000
1904000
1906000
1908000
1910000
1938000
1940000
1942000
1944000
1946000
1974000
1976000
1978000
1980000
1982000
2010000
2012000
2014000
2016000
2018000
2046000
2048000
2050000
2052000
2054000
2082000
2084000
2086000
2088000
2090000
2118000
2120000
2122000
2124000
2126000
2154000
2156000
2158000
2160000
2162000
2190000
2192000
2194000
2196000
2198000
2226000
2228000
2230000
2232000
2234000
2262000
2264000
2266000
2268000
2270000
2298000
2300000
2302000
2304000
2306000
2334000
2336000
2338000
2340000
2342000
2370000
2372000
2374000
2376000
2378000
2406000
2408000
2410000
2412000
2414000
2442000
2444000
2446000
2448000
2450000
2478000
2480000
2482000
2484000
2486000
2514000
2516000
2518000
2520000
2522000
2550000
2552000
2554000
2556000
2558000
2586000
2588000
2590000
2592000
2594000
2622000
2624000
2626000
2628000
2630000
2658000
2660000
2662000
2664000
2666000
2694000
2696000
2698000
2700000
2702000
2730000
2732000
2734000
2736000
2738000
2766000
2768000
2770000
2772000
2774000
2802000
2804000
2806000
2808000
2810000
2838000
2840000
2842000
2844000
2846000
2874000
2876000
2878000
2880000
2882000
2910000
2912000
2914000
2916000
2918000
2946000
2948000
2950000
2952000
2954000
2982000
2984000
2986000
2988000
2990000
3018000
3020000
3022000
3024000
3026000
3054000
3056000
3058000
3060000
3062000
3090000
3092000
3094000
3096000
3098000
3126000
3128000
3130000
3132000
3134000
3162000
3164000
3166000
3168000
3170000
3198000
3200000
3202000
3204000
3206000
3234000
3236000
3238000
3240000
3242000
3270000
3272000
3274000
3276000
3278000
3306000
3308000
3310000
3312000
3314000
3342000
3344000
3346000
3348000
3350000
3378000
3380000
3382000
3384000
3386000
3414000
3416000
3418000
3420000
3422000
3450000
3452000
3454000
3456000
3458000
3486000
3488000
3490000
3492000
3494000
3522000
3524000
3526000
3528000
3530000
3558000
3560000
3562000
3564000
3566000
3594000
3596000
3598000
3600000
3602000
3630000
3632000
3634000
3636000
3638000
3666000
3668000
3670000
3672000
3674000
3702000
3704000
3706000
3708000
3710000
3738000
3740000
3742000
3744000
3746000
3774000
3776000
3778000
3780000
3782000
3810000
3812000
3814000
3816000
3818000
3846000
3848000
3850000
3852000
3854000
3882000
3884000
3886000
3888000
3890000
3918000
3920000
3922000
3924000
3926000
3954000
3956000
3958000
3960000
3962000
3990000
3992000
3994000
3996000
3998000
4026000
4028000
4030000
4032000
4034000
4062000
4064000
4066000
4068000
4070000
4098000
4100000
4102000
4104000
4106000
4134000
4136000
4138000
4140000
4142000
4170000
4172000
4174000
4176000
4178000
4206000
4208000
4210000
4212000
4214000
4242000
4244000
4246000
4248000
4250000
4278000
4280000
4282000
4284000
4286000
4314000
4316000
4318000
4320000
4322000
4350000
4352000
4354000
4356000
4358000
4386000
4388000
4390000
4392000
4394000
4422000
4424000
4426000
4428000
4430000
4458000
4460000
4462000
4464000
4466000
4494000
4496000
4498000
4500000
4502000
4530000
4532000
4534000
4536000
4538000
4566000
4568000
4570000
4572000
4574000
4602000
4604000
4606000
4608000
4610000
4638000
4640000
4642000
4644000
4646000
4674000
4676000
4678000
4680000
4682000
4710000
4712000
4714000
4716000
4718000
4746000
4748000
4750000
4752000
4754000
4782000
4784000
4786000
4788000
4790000
4818000
4820000
4822000
4824000
4826000
4854000
4856000
4858000
4860000
4862000
4890000
4892000
4894000
4896000
4898000
4926000
4928000
4930000
4932000
4934000
4962000
4964000
4966000
4968000
4970000
4998000
5000000
5002000
5004000
5006000
5034000
5036000
5038000
5040000
5042000
5070000
5072000
5074000
5076000
5078000
5106000
5108000
5110000
5112000
5114000
