0
36000
72000
108000
144000
180000
216000
252000
288000
324000
360000
396000
432000
468000
504000
540000
576000
612000
648000
684000
720000
756000
792000
828000
864000
900000
936000
972000
1008000
1044000
1080000
1116000
1152000
1188000
1224000
1260000
1296000
1332000
1368000
1404000
1440000
1476000
1512000
1548000
1584000
1620000
1656000
1692000
1728000
1764000
1800000
1836000
1872000
1908000
1944000
1980000
2016000
2052000
2088000
2124000
2160000
2196000
2232000
2268000
2304000
2340000
2376000
2412000
2448000
2484000
2520000
2556000
2592000
2628000
2664000
2700000
2736000
2772000
2808000
2844000
2880000
2916000
2952000
2988000
3024000
3060000
3096000
3132000
3168000
3204000
3240000
3276000
3312000
3348000
3384000
3420000
3456000
3492000
3528000
3564000
3600000
3636000
3672000
3708000
3744000
3780000
3816000
3852000
3888000
3924000
3960000
3996000
4032000
4068000
4104000
4140000
4176000
4212000
4248000
4284000
4320000
4356000
4392000
4428000
4464000
4500000
4536000
4572000
4608000
4644000
4680000
4716000
4752000
4788000
4824000
4860000
4896000
4932000
4968000
5004000
