204000
240000
276000
312000
348000
384000
420000
456000
492000
528000
564000
600000
636000
672000
708000
744000
780000
816000
852000
888000
924000
960000
996000
1032000
1068000
1104000
1140000
1176000
1212000
1248000
1284000
1320000
1356000
1392000
1428000
1464000
1500000
1536000
1572000
1608000
1644000
1680000
1716000
1752000
1788000
1824000
1860000
1896000
1932000
1968000
2004000
2040000
2076000
2112000
2148000
2184000
2220000
2256000
2292000
2328000
2364000
2400000
2436000
2472000
2508000
2544000
2580000
2616000
2652000
2688000
2724000
2760000
2796000
2832000
2868000
2904000
2940000
2976000
3012000
3048000
3084000
3120000
3156000
3192000
3228000
3264000
3300000
3336000
3372000
3408000
3444000
3480000
3516000
3552000
3588000
3624000
3660000
3696000
3732000
3768000
3804000
3840000
3876000
3912000
3948000
3984000
4020000
4056000
4092000
4128000
4164000
4200000
4236000
4272000
4308000
4344000
4380000
4416000
4452000
4488000
4524000
4560000
4596000
4632000
4668000
4704000
4740000
4776000
4812000
4848000
4884000
4920000
4956000
4992000
5028000
5064000
5100000
5136000
5172000
5208000
