108000
110000
112000
114000
116000
118000
120000
122000
124000
126000
144000
146000
148000
150000
152000
154000
156000
158000
160000
162000
180000
182000
184000
186000
188000
190000
192000
194000
196000
198000
216000
218000
220000
222000
224000
226000
228000
230000
232000
234000
252000
254000
256000
258000
260000
262000
264000
266000
268000
270000
288000
290000
292000
294000
296000
298000
300000
302000
304000
306000
324000
326000
328000
330000
332000
334000
336000
338000
340000
342000
360000
362000
364000
366000
368000
370000
372000
374000
376000
378000
396000
398000
400000
402000
404000
406000
408000
410000
412000
414000
432000
434000
436000
438000
440000
442000
444000
446000
448000
450000
468000
470000
472000
474000
476000
478000
480000
482000
484000
486000
504000
506000
508000
510000
512000
514000
516000
518000
520000
522000
540000
542000
544000
546000
548000
550000
552000
554000
556000
558000
576000
578000
580000
582000
584000
586000
588000
590000
592000
594000
612000
614000
616000
618000
620000
622000
624000
626000
628000
630000
648000
650000
652000
654000
656000
658000
660000
662000
664000
666000
684000
686000
688000
690000
692000
694000
696000
698000
700000
702000
720000
722000
724000
726000
728000
730000
732000
734000
736000
738000
756000
758000
760000
762000
764000
766000
768000
770000
772000
774000
792000
794000
796000
798000
800000
802000
804000
806000
808000
810000
828000
830000
832000
834000
836000
838000
840000
842000
844000
846000
864000
866000
868000
870000
872000
874000
876000
878000
880000
882000
900000
902000
904000
906000
908000
910000
912000
914000
916000
918000
936000
938000
940000
942000
944000
946000
948000
950000
952000
954000
972000
974000
976000
978000
980000
982000
984000
986000
988000
990000
1008000
1010000
1012000
1014000
1016000
1018000
1020000
1022000
1024000
1026000
1044000
1046000
1048000
1050000
1052000
1054000
1056000
1058000
1060000
1062000
1080000
1082000
1084000
1086000
1088000
1090000
1092000
1094000
1096000
1098000
1116000
1118000
1120000
1122000
1124000
1126000
1128000
1130000
1132000
1134000
1152000
1154000
1156000
1158000
1160000
1162000
1164000
1166000
1168000
1170000
1188000
1190000
1192000
1194000
1196000
1198000
1200000
1202000
1204000
1206000
1224000
1226000
1228000
1230000
1232000
1234000
1236000
1238000
1240000
1242000
1260000
1262000
1264000
1266000
1268000
1270000
1272000
1274000
1276000
1278000
1296000
1298000
1300000
1302000
1304000
1306000
1308000
1310000
1312000
1314000
1332000
1334000
1336000
1338000
1340000
1342000
1344000
1346000
1348000
1350000
1368000
1370000
1372000
1374000
1376000
1378000
1380000
1382000
1384000
1386000
1404000
1406000
1408000
1410000
1412000
1414000
1416000
1418000
1420000
1422000
1440000
1442000
1444000
1446000
1448000
1450000
1452000
1454000
1456000
1458000
1476000
1478000
1480000
1482000
1484000
1486000
1488000
1490000
1492000
1494000
1512000
1514000
1516000
1518000
1520000
1522000
1524000
1526000
1528000
1530000
1548000
1550000
1552000
1554000
1556000
1558000
1560000
1562000
1564000
1566000
1584000
1586000
1588000
1590000
1592000
1594000
1596000
1598000
1600000
1602000
1620000
1622000
1624000
1626000
1628000
1630000
1632000
1634000
1636000
1638000
1656000
1658000
1660000
1662000
1664000
1666000
1668000
1670000
1672000
1674000
1692000
1694000
1696000
1698000
1700000
1702000
1704000
1706000
1708000
1710000
1728000
1730000
1732000
1734000
1736000
1738000
1740000
1742000
1744000
1746000
1764000
1766000
1768000
1770000
1772000
1774000
1776000
1778000
1780000
1782000
1800000
1802000
1804000
1806000
1808000
1810000
1812000
1814000
1816000
1818000
1836000
1838000
1840000
1842000
1844000
1846000
1848000
1850000
1852000
1854000
1872000
1874000
1876000
1878000
1880000
1882000
1884000
1886000
1888000
1890000
1908000
1910000
1912000
1914000
1916000
1918000
1920000
1922000
1924000
1926000
1944000
1946000
1948000
1950000
1952000
1954000
1956000
1958000
1960000
1962000
1980000
1982000
1984000
1986000
1988000
1990000
1992000
1994000
1996000
1998000
2016000
2018000
2020000
2022000
2024000
2026000
2028000
2030000
2032000
2034000
2052000
2054000
2056000
2058000
2060000
2062000
2064000
2066000
2068000
2070000
2088000
2090000
2092000
2094000
2096000
2098000
2100000
2102000
2104000
2106000
2124000
2126000
2128000
2130000
2132000
2134000
2136000
2138000
2140000
2142000
2160000
2162000
2164000
2166000
2168000
2170000
2172000
2174000
2176000
2178000
2196000
2198000
2200000
2202000
2204000
2206000
2208000
2210000
2212000
2214000
2232000
2234000
2236000
2238000
2240000
2242000
2244000
2246000
2248000
2250000
2268000
2270000
2272000
2274000
2276000
2278000
2280000
2282000
2284000
2286000
2304000
2306000
2308000
2310000
2312000
2314000
2316000
2318000
2320000
2322000
2340000
2342000
2344000
2346000
2348000
2350000
2352000
2354000
2356000
2358000
2376000
2378000
2380000
2382000
2384000
2386000
2388000
2390000
2392000
2394000
2412000
2414000
2416000
2418000
2420000
2422000
2424000
2426000
2428000
2430000
2448000
2450000
2452000
2454000
2456000
2458000
2460000
2462000
2464000
2466000
2484000
2486000
2488000
2490000
2492000
2494000
2496000
2498000
2500000
2502000
2520000
2522000
2524000
2526000
2528000
2530000
2532000
2534000
2536000
2538000
2556000
2558000
2560000
2562000
2564000
2566000
2568000
2570000
2572000
2574000
2592000
2594000
2596000
2598000
2600000
2602000
2604000
2606000
2608000
2610000
2628000
2630000
2632000
2634000
2636000
2638000
2640000
2642000
2644000
2646000
2664000
2666000
2668000
2670000
2672000
2674000
2676000
2678000
2680000
2682000
2700000
2702000
2704000
2706000
2708000
2710000
2712000
2714000
2716000
2718000
2736000
2738000
2740000
2742000
2744000
2746000
2748000
2750000
2752000
2754000
2772000
2774000
2776000
2778000
2780000
2782000
2784000
2786000
2788000
2790000
2808000
2810000
2812000
2814000
2816000
2818000
2820000
2822000
2824000
2826000
2844000
2846000
2848000
2850000
2852000
2854000
2856000
2858000
2860000
2862000
2880000
2882000
2884000
2886000
2888000
2890000
2892000
2894000
2896000
2898000
2916000
2918000
2920000
2922000
2924000
2926000
2928000
2930000
2932000
2934000
2952000
2954000
2956000
2958000
2960000
2962000
2964000
2966000
2968000
2970000
2988000
2990000
2992000
2994000
2996000
2998000
3000000
3002000
3004000
3006000
3024000
3026000
3028000
3030000
3032000
3034000
3036000
3038000
3040000
3042000
3060000
3062000
3064000
3066000
3068000
3070000
3072000
3074000
3076000
3078000
3096000
3098000
3100000
3102000
3104000
3106000
3108000
3110000
3112000
3114000
3132000
3134000
3136000
3138000
3140000
3142000
3144000
3146000
3148000
3150000
3168000
3170000
3172000
3174000
3176000
3178000
3180000
3182000
3184000
3186000
3204000
3206000
3208000
3210000
3212000
3214000
3216000
3218000
3220000
3222000
3240000
3242000
3244000
3246000
3248000
3250000
3252000
3254000
3256000
3258000
3276000
3278000
3280000
3282000
3284000
3286000
3288000
3290000
3292000
3294000
3312000
3314000
3316000
3318000
3320000
3322000
3324000
3326000
3328000
3330000
3348000
3350000
3352000
3354000
3356000
3358000
3360000
3362000
3364000
3366000
3384000
3386000
3388000
3390000
3392000
3394000
3396000
3398000
3400000
3402000
3420000
3422000
3424000
3426000
3428000
3430000
3432000
3434000
3436000
3438000
3456000
3458000
3460000
3462000
3464000
3466000
3468000
3470000
3472000
3474000
3492000
3494000
3496000
3498000
3500000
3502000
3504000
3506000
3508000
3510000
3528000
3530000
3532000
3534000
3536000
3538000
3540000
3542000
3544000
3546000
3564000
3566000
3568000
3570000
3572000
3574000
3576000
3578000
3580000
3582000
3600000
3602000
3604000
3606000
3608000
3610000
3612000
3614000
3616000
3618000
3636000
3638000
3640000
3642000
3644000
3646000
3648000
3650000
3652000
3654000
3672000
3674000
3676000
3678000
3680000
3682000
3684000
3686000
3688000
3690000
3708000
3710000
3712000
3714000
3716000
3718000
3720000
3722000
3724000
3726000
3744000
3746000
3748000
3750000
3752000
3754000
3756000
3758000
3760000
3762000
3780000
3782000
3784000
3786000
3788000
3790000
3792000
3794000
3796000
3798000
3816000
3818000
3820000
3822000
3824000
3826000
3828000
3830000
3832000
3834000
3852000
3854000
3856000
3858000
3860000
3862000
3864000
3866000
3868000
3870000
3888000
3890000
3892000
3894000
3896000
3898000
3900000
3902000
3904000
3906000
3924000
3926000
3928000
3930000
3932000
3934000
3936000
3938000
3940000
3942000
3960000
3962000
3964000
3966000
3968000
3970000
3972000
3974000
3976000
3978000
3996000
3998000
4000000
4002000
4004000
4006000
4008000
4010000
4012000
4014000
4032000
4034000
4036000
4038000
4040000
4042000
4044000
4046000
4048000
4050000
4068000
4070000
4072000
4074000
4076000
4078000
4080000
4082000
4084000
4086000
4104000
4106000
4108000
4110000
4112000
4114000
4116000
4118000
4120000
4122000
4140000
4142000
4144000
4146000
4148000
4150000
4152000
4154000
4156000
4158000
4176000
4178000
4180000
4182000
4184000
4186000
4188000
4190000
4192000
4194000
4212000
4214000
4216000
4218000
4220000
4222000
4224000
4226000
4228000
4230000
4248000
4250000
4252000
4254000
4256000
4258000
4260000
4262000
4264000
4266000
4284000
4286000
4288000
4290000
4292000
4294000
4296000
4298000
4300000
4302000
4320000
4322000
4324000
4326000
4328000
4330000
4332000
4334000
4336000
4338000
4356000
4358000
4360000
4362000
4364000
4366000
4368000
4370000
4372000
4374000
4392000
4394000
4396000
4398000
4400000
4402000
4404000
4406000
4408000
4410000
4428000
4430000
4432000
4434000
4436000
4438000
4440000
4442000
4444000
4446000
4464000
4466000
4468000
4470000
4472000
4474000
4476000
4478000
4480000
4482000
4500000
4502000
4504000
4506000
4508000
4510000
4512000
4514000
4516000
4518000
4536000
4538000
4540000
4542000
4544000
4546000
4548000
4550000
4552000
4554000
4572000
4574000
4576000
4578000
4580000
4582000
4584000
4586000
4588000
4590000
4608000
4610000
4612000
4614000
4616000
4618000
4620000
4622000
4624000
4626000
4644000
4646000
4648000
4650000
4652000
4654000
4656000
4658000
4660000
4662000
4680000
4682000
4684000
4686000
4688000
4690000
4692000
4694000
4696000
4698000
4716000
4718000
4720000
4722000
4724000
4726000
4728000
4730000
4732000
4734000
4752000
4754000
4756000
4758000
4760000
4762000
4764000
4766000
4768000
4770000
4788000
4790000
4792000
4794000
4796000
4798000
4800000
4802000
4804000
4806000
4824000
4826000
4828000
4830000
4832000
4834000
4836000
4838000
4840000
4842000
4860000
4862000
4864000
4866000
4868000
4870000
4872000
4874000
4876000
4878000
4896000
4898000
4900000
4902000
4904000
4906000
4908000
4910000
4912000
4914000
4932000
4934000
4936000
4938000
4940000
4942000
4944000
4946000
4948000
4950000
4968000
4970000
4972000
4974000
4976000
4978000
4980000
4982000
4984000
4986000
5004000
5006000
5008000
5010000
5012000
5014000
5016000
5018000
5020000
5022000
5040000
5042000
5044000
5046000
5048000
5050000
5052000
5054000
5056000
5058000
5076000
5078000
5080000
5082000
5084000
5086000
5088000
5090000
5092000
5094000
5112000
5114000
5116000
5118000
5120000
5122000
5124000
5126000
5128000
5130000
