8000
10000
12000
14000
16000
18000
20000
22000
24000
26000
44000
46000
48000
50000
52000
54000
56000
58000
60000
62000
80000
82000
84000
86000
88000
90000
92000
94000
96000
98000
116000
118000
120000
122000
124000
126000
128000
130000
132000
134000
152000
154000
156000
158000
160000
162000
164000
166000
168000
170000
188000
190000
192000
194000
196000
198000
200000
202000
204000
206000
224000
226000
228000
230000
232000
234000
236000
238000
240000
242000
260000
262000
264000
266000
268000
270000
272000
274000
276000
278000
296000
298000
300000
302000
304000
306000
308000
310000
312000
314000
332000
334000
336000
338000
340000
342000
344000
346000
348000
350000
368000
370000
372000
374000
376000
378000
380000
382000
384000
386000
404000
406000
408000
410000
412000
414000
416000
418000
420000
422000
440000
442000
444000
446000
448000
450000
452000
454000
456000
458000
476000
478000
480000
482000
484000
486000
488000
490000
492000
494000
512000
514000
516000
518000
520000
522000
524000
526000
528000
530000
548000
550000
552000
554000
556000
558000
560000
562000
564000
566000
584000
586000
588000
590000
592000
594000
596000
598000
600000
602000
620000
622000
624000
626000
628000
630000
632000
634000
636000
638000
656000
658000
660000
662000
664000
666000
668000
670000
672000
674000
692000
694000
696000
698000
700000
702000
704000
706000
708000
710000
728000
730000
732000
734000
736000
738000
740000
742000
744000
746000
764000
766000
768000
770000
772000
774000
776000
778000
780000
782000
800000
802000
804000
806000
808000
810000
812000
814000
816000
818000
836000
838000
840000
842000
844000
846000
848000
850000
852000
854000
872000
874000
876000
878000
880000
882000
884000
886000
888000
890000
908000
910000
912000
914000
916000
918000
920000
922000
924000
926000
944000
946000
948000
950000
952000
954000
956000
958000
960000
962000
980000
982000
984000
986000
988000
990000
992000
994000
996000
998000
1016000
1018000
1020000
1022000
1024000
1026000
1028000
1030000
1032000
1034000
1052000
1054000
1056000
1058000
1060000
1062000
1064000
1066000
1068000
1070000
1088000
1090000
1092000
1094000
1096000
1098000
1100000
1102000
1104000
1106000
1124000
1126000
1128000
1130000
1132000
1134000
1136000
1138000
1140000
1142000
1160000
1162000
1164000
1166000
1168000
1170000
1172000
1174000
1176000
1178000
1196000
1198000
1200000
1202000
1204000
1206000
1208000
1210000
1212000
1214000
1232000
1234000
1236000
1238000
1240000
1242000
1244000
1246000
1248000
1250000
1268000
1270000
1272000
1274000
1276000
1278000
1280000
1282000
1284000
1286000
1304000
1306000
1308000
1310000
1312000
1314000
1316000
1318000
1320000
1322000
1340000
1342000
1344000
1346000
1348000
1350000
1352000
1354000
1356000
1358000
1376000
1378000
1380000
1382000
1384000
1386000
1388000
1390000
1392000
1394000
1412000
1414000
1416000
1418000
1420000
1422000
1424000
1426000
1428000
1430000
1448000
1450000
1452000
1454000
1456000
1458000
1460000
1462000
1464000
1466000
1484000
1486000
1488000
1490000
1492000
1494000
1496000
1498000
1500000
1502000
1520000
1522000
1524000
1526000
1528000
1530000
1532000
1534000
1536000
1538000
1556000
1558000
1560000
1562000
1564000
1566000
1568000
1570000
1572000
1574000
1592000
1594000
1596000
1598000
1600000
1602000
1604000
1606000
1608000
1610000
1628000
1630000
1632000
1634000
1636000
1638000
1640000
1642000
1644000
1646000
1664000
1666000
1668000
1670000
1672000
1674000
1676000
1678000
1680000
1682000
1700000
1702000
1704000
1706000
1708000
1710000
1712000
1714000
1716000
1718000
1736000
1738000
1740000
1742000
1744000
1746000
1748000
1750000
1752000
1754000
1772000
1774000
1776000
1778000
1780000
1782000
1784000
1786000
1788000
1790000
1808000
1810000
1812000
1814000
1816000
1818000
1820000
1822000
1824000
1826000
1844000
1846000
1848000
1850000
1852000
1854000
1856000
1858000
1860000
1862000
1880000
1882000
1884000
1886000
1888000
1890000
1892000
1894000
1896000
1898000
1916000
1918000
1920000
1922000
1924000
1926000
1928000
1930000
1932000
1934000
1952000
1954000
1956000
1958000
1960000
1962000
1964000
1966000
1968000
1970000
1988000
1990000
1992000
1994000
1996000
1998000
2000000
2002000
2004000
2006000
2024000
2026000
2028000
2030000
2032000
2034000
2036000
2038000
2040000
2042000
2060000
2062000
2064000
2066000
2068000
2070000
2072000
2074000
2076000
2078000
2096000
2098000
2100000
2102000
2104000
2106000
2108000
2110000
2112000
2114000
2132000
2134000
2136000
2138000
2140000
2142000
2144000
2146000
2148000
2150000
2168000
2170000
2172000
2174000
2176000
2178000
2180000
2182000
2184000
2186000
2204000
2206000
2208000
2210000
2212000
2214000
2216000
2218000
2220000
2222000
2240000
2242000
2244000
2246000
2248000
2250000
2252000
2254000
2256000
2258000
2276000
2278000
2280000
2282000
2284000
2286000
2288000
2290000
2292000
2294000
2312000
2314000
2316000
2318000
2320000
2322000
2324000
2326000
2328000
2330000
2348000
2350000
2352000
2354000
2356000
2358000
2360000
2362000
2364000
2366000
2384000
2386000
2388000
2390000
2392000
2394000
2396000
2398000
2400000
2402000
2420000
2422000
2424000
2426000
2428000
2430000
2432000
2434000
2436000
2438000
2456000
2458000
2460000
2462000
2464000
2466000
2468000
2470000
2472000
2474000
2492000
2494000
2496000
2498000
2500000
2502000
2504000
2506000
2508000
2510000
2528000
2530000
2532000
2534000
2536000
2538000
2540000
2542000
2544000
2546000
2564000
2566000
2568000
2570000
2572000
2574000
2576000
2578000
2580000
2582000
2600000
2602000
2604000
2606000
2608000
2610000
2612000
2614000
2616000
2618000
2636000
2638000
2640000
2642000
2644000
2646000
2648000
2650000
2652000
2654000
2672000
2674000
2676000
2678000
2680000
2682000
2684000
2686000
2688000
2690000
2708000
2710000
2712000
2714000
2716000
2718000
2720000
2722000
2724000
2726000
2744000
2746000
2748000
2750000
2752000
2754000
2756000
2758000
2760000
2762000
2780000
2782000
2784000
2786000
2788000
2790000
2792000
2794000
2796000
2798000
2816000
2818000
2820000
2822000
2824000
2826000
2828000
2830000
2832000
2834000
2852000
2854000
2856000
2858000
2860000
2862000
2864000
2866000
2868000
2870000
2888000
2890000
2892000
2894000
2896000
2898000
2900000
2902000
2904000
2906000
2924000
2926000
2928000
2930000
2932000
2934000
2936000
2938000
2940000
2942000
2960000
2962000
2964000
2966000
2968000
2970000
2972000
2974000
2976000
2978000
2996000
2998000
3000000
3002000
3004000
3006000
3008000
3010000
3012000
3014000
3032000
3034000
3036000
3038000
3040000
3042000
3044000
3046000
3048000
3050000
3068000
3070000
3072000
3074000
3076000
3078000
3080000
3082000
3084000
3086000
3104000
3106000
3108000
3110000
3112000
3114000
3116000
3118000
3120000
3122000
3140000
3142000
3144000
3146000
3148000
3150000
3152000
3154000
3156000
3158000
3176000
3178000
3180000
3182000
3184000
3186000
3188000
3190000
3192000
3194000
3212000
3214000
3216000
3218000
3220000
3222000
3224000
3226000
3228000
3230000
3248000
3250000
3252000
3254000
3256000
3258000
3260000
3262000
3264000
3266000
3284000
3286000
3288000
3290000
3292000
3294000
3296000
3298000
3300000
3302000
3320000
3322000
3324000
3326000
3328000
3330000
3332000
3334000
3336000
3338000
3356000
3358000
3360000
3362000
3364000
3366000
3368000
3370000
3372000
3374000
3392000
3394000
3396000
3398000
3400000
3402000
3404000
3406000
3408000
3410000
3428000
3430000
3432000
3434000
3436000
3438000
3440000
3442000
3444000
3446000
3464000
3466000
3468000
3470000
3472000
3474000
3476000
3478000
3480000
3482000
3500000
3502000
3504000
3506000
3508000
3510000
3512000
3514000
3516000
3518000
3536000
3538000
3540000
3542000
3544000
3546000
3548000
3550000
3552000
3554000
3572000
3574000
3576000
3578000
3580000
3582000
3584000
3586000
3588000
3590000
3608000
3610000
3612000
3614000
3616000
3618000
3620000
3622000
3624000
3626000
3644000
3646000
3648000
3650000
3652000
3654000
3656000
3658000
3660000
3662000
3680000
3682000
3684000
3686000
3688000
3690000
3692000
3694000
3696000
3698000
3716000
3718000
3720000
3722000
3724000
3726000
3728000
3730000
3732000
3734000
3752000
3754000
3756000
3758000
3760000
3762000
3764000
3766000
3768000
3770000
3788000
3790000
3792000
3794000
3796000
3798000
3800000
3802000
3804000
3806000
3824000
3826000
3828000
3830000
3832000
3834000
3836000
3838000
3840000
3842000
3860000
3862000
3864000
3866000
3868000
3870000
3872000
3874000
3876000
3878000
3896000
3898000
3900000
3902000
3904000
3906000
3908000
3910000
3912000
3914000
3932000
3934000
3936000
3938000
3940000
3942000
3944000
3946000
3948000
3950000
3968000
3970000
3972000
3974000
3976000
3978000
3980000
3982000
3984000
3986000
4004000
4006000
4008000
4010000
4012000
4014000
4016000
4018000
4020000
4022000
4040000
4042000
4044000
4046000
4048000
4050000
4052000
4054000
4056000
4058000
4076000
4078000
4080000
4082000
4084000
4086000
4088000
4090000
4092000
4094000
4112000
4114000
4116000
4118000
4120000
4122000
4124000
4126000
4128000
4130000
4148000
4150000
4152000
4154000
4156000
4158000
4160000
4162000
4164000
4166000
4184000
4186000
4188000
4190000
4192000
4194000
4196000
4198000
4200000
4202000
4220000
4222000
4224000
4226000
4228000
4230000
4232000
4234000
4236000
4238000
4256000
4258000
4260000
4262000
4264000
4266000
4268000
4270000
4272000
4274000
4292000
4294000
4296000
4298000
4300000
4302000
4304000
4306000
4308000
4310000
4328000
4330000
4332000
4334000
4336000
4338000
4340000
4342000
4344000
4346000
4364000
4366000
4368000
4370000
4372000
4374000
4376000
4378000
4380000
4382000
4400000
4402000
4404000
4406000
4408000
4410000
4412000
4414000
4416000
4418000
4436000
4438000
4440000
4442000
4444000
4446000
4448000
4450000
4452000
4454000
4472000
4474000
4476000
4478000
4480000
4482000
4484000
4486000
4488000
4490000
4508000
4510000
4512000
4514000
4516000
4518000
4520000
4522000
4524000
4526000
4544000
4546000
4548000
4550000
4552000
4554000
4556000
4558000
4560000
4562000
4580000
4582000
4584000
4586000
4588000
4590000
4592000
4594000
4596000
4598000
4616000
4618000
4620000
4622000
4624000
4626000
4628000
4630000
4632000
4634000
4652000
4654000
4656000
4658000
4660000
4662000
4664000
4666000
4668000
4670000
4688000
4690000
4692000
4694000
4696000
4698000
4700000
4702000
4704000
4706000
4724000
4726000
4728000
4730000
4732000
4734000
4736000
4738000
4740000
4742000
4760000
4762000
4764000
4766000
4768000
4770000
4772000
4774000
4776000
4778000
4796000
4798000
4800000
4802000
4804000
4806000
4808000
4810000
4812000
4814000
4832000
4834000
4836000
4838000
4840000
4842000
4844000
4846000
4848000
4850000
4868000
4870000
4872000
4874000
4876000
4878000
4880000
4882000
4884000
4886000
4904000
4906000
4908000
4910000
4912000
4914000
4916000
4918000
4920000
4922000
4940000
4942000
4944000
4946000
4948000
4950000
4952000
4954000
4956000
4958000
4976000
4978000
4980000
4982000
4984000
4986000
4988000
4990000
4992000
4994000
5012000
5014000
5016000
5018000
5020000
5022000
5024000
5026000
5028000
5030000
