4000
40000
76000
112000
148000
184000
220000
256000
292000
328000
364000
400000
436000
472000
508000
544000
580000
616000
652000
688000
724000
760000
796000
832000
868000
904000
940000
976000
1012000
1048000
1084000
1120000
1156000
1192000
1228000
1264000
1300000
1336000
1372000
1408000
1444000
1480000
1516000
1552000
1588000
1624000
1660000
1696000
1732000
1768000
1804000
1840000
1876000
1912000
1948000
1984000
2020000
2056000
2092000
2128000
2164000
2200000
2236000
2272000
2308000
2344000
2380000
2416000
2452000
2488000
2524000
2560000
2596000
2632000
2668000
2704000
2740000
2776000
2812000
2848000
2884000
2920000
2956000
2992000
3028000
3064000
3100000
3136000
3172000
3208000
3244000
3280000
3316000
3352000
3388000
3424000
3460000
3496000
3532000
3568000
3604000
3640000
3676000
3712000
3748000
3784000
3820000
3856000
3892000
3928000
3964000
4000000
4036000
4072000
4108000
4144000
4180000
4216000
4252000
4288000
4324000
4360000
4396000
4432000
4468000
4504000
4540000
4576000
4612000
4648000
4684000
4720000
4756000
4792000
4828000
4864000
4900000
4936000
4972000
5008000
