103000
130000
157000
184000
211000
238000
265000
292000
319000
346000
373000
400000
427000
454000
481000
508000
535000
562000
589000
616000
643000
670000
697000
724000
751000
778000
805000
832000
859000
886000
913000
940000
967000
994000
1021000
1048000
1075000
1102000
1129000
1156000
1183000
1210000
1237000
1264000
1291000
1318000
1345000
1372000
1399000
1426000
1453000
1480000
1507000
1534000
1561000
1588000
1615000
1642000
1669000
1696000
1723000
1750000
1777000
1804000
1831000
1858000
1885000
1912000
1939000
1966000
1993000
2020000
2047000
2074000
2101000
2128000
2155000
2182000
2209000
2236000
2263000
2290000
2317000
2344000
2371000
2398000
2425000
2452000
2479000
2506000
2533000
2560000
2587000
2614000
2641000
2668000
2695000
2722000
2749000
2776000
2803000
2830000
2857000
2884000
2911000
2938000
2965000
2992000
3019000
3046000
3073000
3100000
3127000
3154000
3181000
3208000
3235000
3262000
3289000
3316000
3343000
3370000
3397000
3424000
3451000
3478000
3505000
3532000
3559000
3586000
3613000
3640000
3667000
3694000
3721000
3748000
3775000
3802000
3829000
3856000
