106000
107500
109000
110500
112000
113500
115000
116500
118000
119500
133000
134500
136000
137500
139000
140500
142000
143500
145000
146500
160000
161500
163000
164500
166000
167500
169000
170500
172000
173500
187000
188500
190000
191500
193000
194500
196000
197500
199000
200500
214000
215500
217000
218500
220000
221500
223000
224500
226000
227500
241000
242500
244000
245500
247000
248500
250000
251500
253000
254500
268000
269500
271000
272500
274000
275500
277000
278500
280000
281500
295000
296500
298000
299500
301000
302500
304000
305500
307000
308500
322000
323500
325000
326500
328000
329500
331000
332500
334000
335500
349000
350500
352000
353500
355000
356500
358000
359500
361000
362500
376000
377500
379000
380500
382000
383500
385000
386500
388000
389500
403000
404500
406000
407500
409000
410500
412000
413500
415000
416500
430000
431500
433000
434500
436000
437500
439000
440500
442000
443500
457000
458500
460000
461500
463000
464500
466000
467500
469000
470500
484000
485500
487000
488500
490000
491500
493000
494500
496000
497500
511000
512500
514000
515500
517000
518500
520000
521500
523000
524500
538000
539500
541000
542500
544000
545500
547000
548500
550000
551500
565000
566500
568000
569500
571000
572500
574000
575500
577000
578500
592000
593500
595000
596500
598000
599500
601000
602500
604000
605500
619000
620500
622000
623500
625000
626500
628000
629500
631000
632500
646000
647500
649000
650500
652000
653500
655000
656500
658000
659500
673000
674500
676000
677500
679000
680500
682000
683500
685000
686500
700000
701500
703000
704500
706000
707500
709000
710500
712000
713500
727000
728500
730000
731500
733000
734500
736000
737500
739000
740500
754000
755500
757000
758500
760000
761500
763000
764500
766000
767500
781000
782500
784000
785500
787000
788500
790000
791500
793000
794500
808000
809500
811000
812500
814000
815500
817000
818500
820000
821500
835000
836500
838000
839500
841000
842500
844000
845500
847000
848500
862000
863500
865000
866500
868000
869500
871000
872500
874000
875500
889000
890500
892000
893500
895000
896500
898000
899500
901000
902500
916000
917500
919000
920500
922000
923500
925000
926500
928000
929500
943000
944500
946000
947500
949000
950500
952000
953500
955000
956500
970000
971500
973000
974500
976000
977500
979000
980500
982000
983500
997000
998500
1000000
1001500
1003000
1004500
1006000
1007500
1009000
1010500
1024000
1025500
1027000
1028500
1030000
1031500
1033000
1034500
1036000
1037500
1051000
1052500
1054000
1055500
1057000
1058500
1060000
1061500
1063000
1064500
1078000
1079500
1081000
1082500
1084000
1085500
1087000
1088500
1090000
1091500
1105000
1106500
1108000
1109500
1111000
1112500
1114000
1115500
1117000
1118500
1132000
1133500
1135000
1136500
1138000
1139500
1141000
1142500
1144000
1145500
1159000
1160500
1162000
1163500
1165000
1166500
1168000
1169500
1171000
1172500
1186000
1187500
1189000
1190500
1192000
1193500
1195000
1196500
1198000
1199500
1213000
1214500
1216000
1217500
1219000
1220500
1222000
1223500
1225000
1226500
1240000
1241500
1243000
1244500
1246000
1247500
1249000
1250500
1252000
1253500
1267000
1268500
1270000
1271500
1273000
1274500
1276000
1277500
1279000
1280500
1294000
1295500
1297000
1298500
1300000
1301500
1303000
1304500
1306000
1307500
1321000
1322500
1324000
1325500
1327000
1328500
1330000
1331500
1333000
1334500
1348000
1349500
1351000
1352500
1354000
1355500
1357000
1358500
1360000
1361500
1375000
1376500
1378000
1379500
1381000
1382500
1384000
1385500
1387000
1388500
1402000
1403500
1405000
1406500
1408000
1409500
1411000
1412500
1414000
1415500
1429000
1430500
1432000
1433500
1435000
1436500
1438000
1439500
1441000
1442500
1456000
1457500
1459000
1460500
1462000
1463500
1465000
1466500
1468000
1469500
1483000
1484500
1486000
1487500
1489000
1490500
1492000
1493500
1495000
1496500
1510000
1511500
1513000
1514500
1516000
1517500
1519000
1520500
1522000
1523500
1537000
1538500
1540000
1541500
1543000
1544500
1546000
1547500
1549000
1550500
1564000
1565500
1567000
1568500
1570000
1571500
1573000
1574500
1576000
1577500
1591000
1592500
1594000
1595500
1597000
1598500
1600000
1601500
1603000
1604500
1618000
1619500
1621000
1622500
1624000
1625500
1627000
1628500
1630000
1631500
1645000
1646500
1648000
1649500
1651000
1652500
1654000
1655500
1657000
1658500
1672000
1673500
1675000
1676500
1678000
1679500
1681000
1682500
1684000
1685500
1699000
1700500
1702000
1703500
1705000
1706500
1708000
1709500
1711000
1712500
1726000
1727500
1729000
1730500
1732000
1733500
1735000
1736500
1738000
1739500
1753000
1754500
1756000
1757500
1759000
1760500
1762000
1763500
1765000
1766500
1780000
1781500
1783000
1784500
1786000
1787500
1789000
1790500
1792000
1793500
1807000
1808500
1810000
1811500
1813000
1814500
1816000
1817500
1819000
1820500
1834000
1835500
1837000
1838500
1840000
1841500
1843000
1844500
1846000
1847500
1861000
1862500
1864000
1865500
1867000
1868500
1870000
1871500
1873000
1874500
1888000
1889500
1891000
1892500
1894000
1895500
1897000
1898500
1900000
1901500
1915000
1916500
1918000
1919500
1921000
1922500
1924000
1925500
1927000
1928500
1942000
1943500
1945000
1946500
1948000
1949500
1951000
1952500
1954000
1955500
1969000
1970500
1972000
1973500
1975000
1976500
1978000
1979500
1981000
1982500
1996000
1997500
1999000
2000500
2002000
2003500
2005000
2006500
2008000
2009500
2023000
2024500
2026000
2027500
2029000
2030500
2032000
2033500
2035000
2036500
2050000
2051500
2053000
2054500
2056000
2057500
2059000
2060500
2062000
2063500
2077000
2078500
2080000
2081500
2083000
2084500
2086000
2087500
2089000
2090500
2104000
2105500
2107000
2108500
2110000
2111500
2113000
2114500
2116000
2117500
2131000
2132500
2134000
2135500
2137000
2138500
2140000
2141500
2143000
2144500
2158000
2159500
2161000
2162500
2164000
2165500
2167000
2168500
2170000
2171500
2185000
2186500
2188000
2189500
2191000
2192500
2194000
2195500
2197000
2198500
2212000
2213500
2215000
2216500
2218000
2219500
2221000
2222500
2224000
2225500
2239000
2240500
2242000
2243500
2245000
2246500
2248000
2249500
2251000
2252500
2266000
2267500
2269000
2270500
2272000
2273500
2275000
2276500
2278000
2279500
2293000
2294500
2296000
2297500
2299000
2300500
2302000
2303500
2305000
2306500
2320000
2321500
2323000
2324500
2326000
2327500
2329000
2330500
2332000
2333500
2347000
2348500
2350000
2351500
2353000
2354500
2356000
2357500
2359000
2360500
2374000
2375500
2377000
2378500
2380000
2381500
2383000
2384500
2386000
2387500
2401000
2402500
2404000
2405500
2407000
2408500
2410000
2411500
2413000
2414500
2428000
2429500
2431000
2432500
2434000
2435500
2437000
2438500
2440000
2441500
2455000
2456500
2458000
2459500
2461000
2462500
2464000
2465500
2467000
2468500
2482000
2483500
2485000
2486500
2488000
2489500
2491000
2492500
2494000
2495500
2509000
2510500
2512000
2513500
2515000
2516500
2518000
2519500
2521000
2522500
2536000
2537500
2539000
2540500
2542000
2543500
2545000
2546500
2548000
2549500
2563000
2564500
2566000
2567500
2569000
2570500
2572000
2573500
2575000
2576500
2590000
2591500
2593000
2594500
2596000
2597500
2599000
2600500
2602000
2603500
2617000
2618500
2620000
2621500
2623000
2624500
2626000
2627500
2629000
2630500
2644000
2645500
2647000
2648500
2650000
2651500
2653000
2654500
2656000
2657500
2671000
2672500
2674000
2675500
2677000
2678500
2680000
2681500
2683000
2684500
2698000
2699500
2701000
2702500
2704000
2705500
2707000
2708500
2710000
2711500
2725000
2726500
2728000
2729500
2731000
2732500
2734000
2735500
2737000
2738500
2752000
2753500
2755000
2756500
2758000
2759500
2761000
2762500
2764000
2765500
2779000
2780500
2782000
2783500
2785000
2786500
2788000
2789500
2791000
2792500
2806000
2807500
2809000
2810500
2812000
2813500
2815000
2816500
2818000
2819500
2833000
2834500
2836000
2837500
2839000
2840500
2842000
2843500
2845000
2846500
2860000
2861500
2863000
2864500
2866000
2867500
2869000
2870500
2872000
2873500
2887000
2888500
2890000
2891500
2893000
2894500
2896000
2897500
2899000
2900500
2914000
2915500
2917000
2918500
2920000
2921500
2923000
2924500
2926000
2927500
2941000
2942500
2944000
2945500
2947000
2948500
2950000
2951500
2953000
2954500
2968000
2969500
2971000
2972500
2974000
2975500
2977000
2978500
2980000
2981500
2995000
2996500
2998000
2999500
3001000
3002500
3004000
3005500
3007000
3008500
3022000
3023500
3025000
3026500
3028000
3029500
3031000
3032500
3034000
3035500
3049000
3050500
3052000
3053500
3055000
3056500
3058000
3059500
3061000
3062500
3076000
3077500
3079000
3080500
3082000
3083500
3085000
3086500
3088000
3089500
3103000
3104500
3106000
3107500
3109000
3110500
3112000
3113500
3115000
3116500
3130000
3131500
3133000
3134500
3136000
3137500
3139000
3140500
3142000
3143500
3157000
3158500
3160000
3161500
3163000
3164500
3166000
3167500
3169000
3170500
3184000
3185500
3187000
3188500
3190000
3191500
3193000
3194500
3196000
3197500
3211000
3212500
3214000
3215500
3217000
3218500
3220000
3221500
3223000
3224500
3238000
3239500
3241000
3242500
3244000
3245500
3247000
3248500
3250000
3251500
3265000
3266500
3268000
3269500
3271000
3272500
3274000
3275500
3277000
3278500
3292000
3293500
3295000
3296500
3298000
3299500
3301000
3302500
3304000
3305500
3319000
3320500
3322000
3323500
3325000
3326500
3328000
3329500
3331000
3332500
3346000
3347500
3349000
3350500
3352000
3353500
3355000
3356500
3358000
3359500
3373000
3374500
3376000
3377500
3379000
3380500
3382000
3383500
3385000
3386500
3400000
3401500
3403000
3404500
3406000
3407500
3409000
3410500
3412000
3413500
3427000
3428500
3430000
3431500
3433000
3434500
3436000
3437500
3439000
3440500
3454000
3455500
3457000
3458500
3460000
3461500
3463000
3464500
3466000
3467500
3481000
3482500
3484000
3485500
3487000
3488500
3490000
3491500
3493000
3494500
3508000
3509500
3511000
3512500
3514000
3515500
3517000
3518500
3520000
3521500
3535000
3536500
3538000
3539500
3541000
3542500
3544000
3545500
3547000
3548500
3562000
3563500
3565000
3566500
3568000
3569500
3571000
3572500
3574000
3575500
3589000
3590500
3592000
3593500
3595000
3596500
3598000
3599500
3601000
3602500
3616000
3617500
3619000
3620500
3622000
3623500
3625000
3626500
3628000
3629500
3643000
3644500
3646000
3647500
3649000
3650500
3652000
3653500
3655000
3656500
3670000
3671500
3673000
3674500
3676000
3677500
3679000
3680500
3682000
3683500
3697000
3698500
3700000
3701500
3703000
3704500
3706000
3707500
3709000
3710500
3724000
3725500
3727000
3728500
3730000
3731500
3733000
3734500
3736000
3737500
3751000
3752500
3754000
3755500
3757000
3758500
3760000
3761500
3763000
3764500
3778000
3779500
3781000
3782500
3784000
3785500
3787000
3788500
3790000
3791500
3805000
3806500
3808000
3809500
3811000
3812500
3814000
3815500
3817000
3818500
3832000
3833500
3835000
3836500
3838000
3839500
3841000
3842500
3844000
3845500
3859000
3860500
3862000
3863500
3865000
3866500
3868000
3869500
3871000
3872500
