206000
242000
278000
314000
350000
386000
422000
458000
494000
530000
566000
602000
638000
674000
710000
746000
782000
818000
854000
890000
926000
962000
998000
1034000
1070000
1106000
1142000
1178000
1214000
1250000
1286000
1322000
1358000
1394000
1430000
1466000
1502000
1538000
1574000
1610000
1646000
1682000
1718000
1754000
1790000
1826000
1862000
1898000
1934000
1970000
2006000
2042000
2078000
2114000
2150000
2186000
2222000
2258000
2294000
2330000
2366000
2402000
2438000
2474000
2510000
2546000
2582000
2618000
2654000
2690000
2726000
2762000
2798000
2834000
2870000
2906000
2942000
2978000
3014000
3050000
3086000
3122000
3158000
3194000
3230000
3266000
3302000
3338000
3374000
3410000
3446000
3482000
3518000
3554000
3590000
3626000
3662000
3698000
3734000
3770000
3806000
3842000
3878000
3914000
3950000
3986000
4022000
4058000
4094000
4130000
4166000
4202000
4238000
4274000
4310000
4346000
4382000
4418000
4454000
4490000
4526000
4562000
4598000
4634000
4670000
4706000
4742000
4778000
4814000
4850000
4886000
4922000
4958000
4994000
5030000
5066000
5102000
5138000
5174000
5210000
