301500
303000
304500
306000
307500
328500
330000
331500
333000
334500
355500
357000
358500
360000
361500
382500
384000
385500
387000
388500
409500
411000
412500
414000
415500
436500
438000
439500
441000
442500
463500
465000
466500
468000
469500
490500
492000
493500
495000
496500
517500
519000
520500
522000
523500
544500
546000
547500
549000
550500
571500
573000
574500
576000
577500
598500
600000
601500
603000
604500
625500
627000
628500
630000
631500
652500
654000
655500
657000
658500
679500
681000
682500
684000
685500
706500
708000
709500
711000
712500
733500
735000
736500
738000
739500
760500
762000
763500
765000
766500
787500
789000
790500
792000
793500
814500
816000
817500
819000
820500
841500
843000
844500
846000
847500
868500
870000
871500
873000
874500
895500
897000
898500
900000
901500
922500
924000
925500
927000
928500
949500
951000
952500
954000
955500
976500
978000
979500
981000
982500
1003500
1005000
1006500
1008000
1009500
1030500
1032000
1033500
1035000
1036500
1057500
1059000
1060500
1062000
1063500
1084500
1086000
1087500
1089000
1090500
1111500
1113000
1114500
1116000
1117500
1138500
1140000
1141500
1143000
1144500
1165500
1167000
1168500
1170000
1171500
1192500
1194000
1195500
1197000
1198500
1219500
1221000
1222500
1224000
1225500
1246500
1248000
1249500
1251000
1252500
1273500
1275000
1276500
1278000
1279500
1300500
1302000
1303500
1305000
1306500
1327500
1329000
1330500
1332000
1333500
1354500
1356000
1357500
1359000
1360500
1381500
1383000
1384500
1386000
1387500
1408500
1410000
1411500
1413000
1414500
1435500
1437000
1438500
1440000
1441500
1462500
1464000
1465500
1467000
1468500
1489500
1491000
1492500
1494000
1495500
1516500
1518000
1519500
1521000
1522500
1543500
1545000
1546500
1548000
1549500
1570500
1572000
1573500
1575000
1576500
1597500
1599000
1600500
1602000
1603500
1624500
1626000
1627500
1629000
1630500
1651500
1653000
1654500
1656000
1657500
1678500
1680000
1681500
1683000
1684500
1705500
1707000
1708500
1710000
1711500
1732500
1734000
1735500
1737000
1738500
1759500
1761000
1762500
1764000
1765500
1786500
1788000
1789500
1791000
1792500
1813500
1815000
1816500
1818000
1819500
1840500
1842000
1843500
1845000
1846500
1867500
1869000
1870500
1872000
1873500
1894500
1896000
1897500
1899000
1900500
1921500
1923000
1924500
1926000
1927500
1948500
1950000
1951500
1953000
1954500
1975500
1977000
1978500
1980000
1981500
2002500
2004000
2005500
2007000
2008500
2029500
2031000
2032500
2034000
2035500
2056500
2058000
2059500
2061000
2062500
2083500
2085000
2086500
2088000
2089500
2110500
2112000
2113500
2115000
2116500
2137500
2139000
2140500
2142000
2143500
2164500
2166000
2167500
2169000
2170500
2191500
2193000
2194500
2196000
2197500
2218500
2220000
2221500
2223000
2224500
2245500
2247000
2248500
2250000
2251500
2272500
2274000
2275500
2277000
2278500
2299500
2301000
2302500
2304000
2305500
2326500
2328000
2329500
2331000
2332500
2353500
2355000
2356500
2358000
2359500
2380500
2382000
2383500
2385000
2386500
2407500
2409000
2410500
2412000
2413500
2434500
2436000
2437500
2439000
2440500
2461500
2463000
2464500
2466000
2467500
2488500
2490000
2491500
2493000
2494500
2515500
2517000
2518500
2520000
2521500
2542500
2544000
2545500
2547000
2548500
2569500
2571000
2572500
2574000
2575500
2596500
2598000
2599500
2601000
2602500
2623500
2625000
2626500
2628000
2629500
2650500
2652000
2653500
2655000
2656500
2677500
2679000
2680500
2682000
2683500
2704500
2706000
2707500
2709000
2710500
2731500
2733000
2734500
2736000
2737500
2758500
2760000
2761500
2763000
2764500
2785500
2787000
2788500
2790000
2791500
2812500
2814000
2815500
2817000
2818500
2839500
2841000
2842500
2844000
2845500
2866500
2868000
2869500
2871000
2872500
2893500
2895000
2896500
2898000
2899500
2920500
2922000
2923500
2925000
2926500
2947500
2949000
2950500
2952000
2953500
2974500
2976000
2977500
2979000
2980500
3001500
3003000
3004500
3006000
3007500
3028500
3030000
3031500
3033000
3034500
3055500
3057000
3058500
3060000
3061500
3082500
3084000
3085500
3087000
3088500
3109500
3111000
3112500
3114000
3115500
3136500
3138000
3139500
3141000
3142500
3163500
3165000
3166500
3168000
3169500
3190500
3192000
3193500
3195000
3196500
3217500
3219000
3220500
3222000
3223500
3244500
3246000
3247500
3249000
3250500
3271500
3273000
3274500
3276000
3277500
3298500
3300000
3301500
3303000
3304500
3325500
3327000
3328500
3330000
3331500
3352500
3354000
3355500
3357000
3358500
3379500
3381000
3382500
3384000
3385500
3406500
3408000
3409500
3411000
3412500
3433500
3435000
3436500
3438000
3439500
3460500
3462000
3463500
3465000
3466500
3487500
3489000
3490500
3492000
3493500
3514500
3516000
3517500
3519000
3520500
3541500
3543000
3544500
3546000
3547500
3568500
3570000
3571500
3573000
3574500
3595500
3597000
3598500
3600000
3601500
3622500
3624000
3625500
3627000
3628500
3649500
3651000
3652500
3654000
3655500
3676500
3678000
3679500
3681000
3682500
3703500
3705000
3706500
3708000
3709500
3730500
3732000
3733500
3735000
3736500
3757500
3759000
3760500
3762000
3763500
3784500
3786000
3787500
3789000
3790500
3811500
3813000
3814500
3816000
3817500
3838500
3840000
3841500
3843000
3844500
3865500
3867000
3868500
3870000
3871500
3892500
3894000
3895500
3897000
3898500
3919500
3921000
3922500
3924000
3925500
3946500
3948000
3949500
3951000
3952500
3973500
3975000
3976500
3978000
3979500
4000500
4002000
4003500
4005000
4006500
4027500
4029000
4030500
4032000
4033500
4054500
4056000
4057500
4059000
4060500
