106000
142000
178000
214000
250000
286000
322000
358000
394000
430000
466000
502000
538000
574000
610000
646000
682000
718000
754000
790000
826000
862000
898000
934000
970000
1006000
1042000
1078000
1114000
1150000
1186000
1222000
1258000
1294000
1330000
1366000
1402000
1438000
1474000
1510000
1546000
1582000
1618000
1654000
1690000
1726000
1762000
1798000
1834000
1870000
1906000
1942000
1978000
2014000
2050000
2086000
2122000
2158000
2194000
2230000
2266000
2302000
2338000
2374000
2410000
2446000
2482000
2518000
2554000
2590000
2626000
2662000
2698000
2734000
2770000
2806000
2842000
2878000
2914000
2950000
2986000
3022000
3058000
3094000
3130000
3166000
3202000
3238000
3274000
3310000
3346000
3382000
3418000
3454000
3490000
3526000
3562000
3598000
3634000
3670000
3706000
3742000
3778000
3814000
3850000
3886000
3922000
3958000
3994000
4030000
4066000
4102000
4138000
4174000
4210000
4246000
4282000
4318000
4354000
4390000
4426000
4462000
4498000
4534000
4570000
4606000
4642000
4678000
4714000
4750000
4786000
4822000
4858000
4894000
4930000
4966000
5002000
5038000
5074000
5110000
