200000
236000
272000
308000
344000
380000
416000
452000
488000
524000
560000
596000
632000
668000
704000
740000
776000
812000
848000
884000
920000
956000
992000
1028000
1064000
1100000
1136000
1172000
1208000
1244000
1280000
1316000
1352000
1388000
1424000
1460000
1496000
1532000
1568000
1604000
1640000
1676000
1712000
1748000
1784000
1820000
1856000
1892000
1928000
1964000
2000000
2036000
2072000
2108000
2144000
2180000
2216000
2252000
2288000
2324000
2360000
2396000
2432000
2468000
2504000
2540000
2576000
2612000
2648000
2684000
2720000
2756000
2792000
2828000
2864000
2900000
2936000
2972000
3008000
3044000
3080000
3116000
3152000
3188000
3224000
3260000
3296000
3332000
3368000
3404000
3440000
3476000
3512000
3548000
3584000
3620000
3656000
3692000
3728000
3764000
3800000
3836000
3872000
3908000
3944000
3980000
4016000
4052000
4088000
4124000
4160000
4196000
4232000
4268000
4304000
4340000
4376000
4412000
4448000
4484000
4520000
4556000
4592000
4628000
4664000
4700000
4736000
4772000
4808000
4844000
4880000
4916000
4952000
4988000
5024000
5060000
5096000
5132000
5168000
5204000
