6000
42000
78000
114000
150000
186000
222000
258000
294000
330000
366000
402000
438000
474000
510000
546000
582000
618000
654000
690000
726000
762000
798000
834000
870000
906000
942000
978000
1014000
1050000
1086000
1122000
1158000
1194000
1230000
1266000
1302000
1338000
1374000
1410000
1446000
1482000
1518000
1554000
1590000
1626000
1662000
1698000
1734000
1770000
1806000
1842000
1878000
1914000
1950000
1986000
2022000
2058000
2094000
2130000
2166000
2202000
2238000
2274000
2310000
2346000
2382000
2418000
2454000
2490000
2526000
2562000
2598000
2634000
2670000
2706000
2742000
2778000
2814000
2850000
2886000
2922000
2958000
2994000
3030000
3066000
3102000
3138000
3174000
3210000
3246000
3282000
3318000
3354000
3390000
3426000
3462000
3498000
3534000
3570000
3606000
3642000
3678000
3714000
3750000
3786000
3822000
3858000
3894000
3930000
3966000
4002000
4038000
4074000
4110000
4146000
4182000
4218000
4254000
4290000
4326000
4362000
4398000
4434000
4470000
4506000
4542000
4578000
4614000
4650000
4686000
4722000
4758000
4794000
4830000
4866000
4902000
4938000
4974000
5010000
