306000
342000
378000
414000
450000
486000
522000
558000
594000
630000
666000
702000
738000
774000
810000
846000
882000
918000
954000
990000
1026000
1062000
1098000
1134000
1170000
1206000
1242000
1278000
1314000
1350000
1386000
1422000
1458000
1494000
1530000
1566000
1602000
1638000
1674000
1710000
1746000
1782000
1818000
1854000
1890000
1926000
1962000
1998000
2034000
2070000
2106000
2142000
2178000
2214000
2250000
2286000
2322000
2358000
2394000
2430000
2466000
2502000
2538000
2574000
2610000
2646000
2682000
2718000
2754000
2790000
2826000
2862000
2898000
2934000
2970000
3006000
3042000
3078000
3114000
3150000
3186000
3222000
3258000
3294000
3330000
3366000
3402000
3438000
3474000
3510000
3546000
3582000
3618000
3654000
3690000
3726000
3762000
3798000
3834000
3870000
3906000
3942000
3978000
4014000
4050000
4086000
4122000
4158000
4194000
4230000
4266000
4302000
4338000
4374000
4410000
4446000
4482000
4518000
4554000
4590000
4626000
4662000
4698000
4734000
4770000
4806000
4842000
4878000
4914000
4950000
4986000
5022000
5058000
5094000
5130000
5166000
5202000
5238000
5274000
5310000
