100000
127000
154000
181000
208000
235000
262000
289000
316000
343000
370000
397000
424000
451000
478000
505000
532000
559000
586000
613000
640000
667000
694000
721000
748000
775000
802000
829000
856000
883000
910000
937000
964000
991000
1018000
1045000
1072000
1099000
1126000
1153000
1180000
1207000
1234000
1261000
1288000
1315000
1342000
1369000
1396000
1423000
1450000
1477000
1504000
1531000
1558000
1585000
1612000
1639000
1666000
1693000
1720000
1747000
1774000
1801000
1828000
1855000
1882000
1909000
1936000
1963000
1990000
2017000
2044000
2071000
2098000
2125000
2152000
2179000
2206000
2233000
2260000
2287000
2314000
2341000
2368000
2395000
2422000
2449000
2476000
2503000
2530000
2557000
2584000
2611000
2638000
2665000
2692000
2719000
2746000
2773000
2800000
2827000
2854000
2881000
2908000
2935000
2962000
2989000
3016000
3043000
3070000
3097000
3124000
3151000
3178000
3205000
3232000
3259000
3286000
3313000
3340000
3367000
3394000
3421000
3448000
3475000
3502000
3529000
3556000
3583000
3610000
3637000
3664000
3691000
3718000
3745000
3772000
3799000
3826000
3853000
