302000
304000
306000
308000
310000
338000
340000
342000
344000
346000
374000
376000
378000
380000
382000
410000
412000
414000
416000
418000
446000
448000
450000
452000
454000
482000
484000
486000
488000
490000
518000
520000
522000
524000
526000
554000
556000
558000
560000
562000
590000
592000
594000
596000
598000
626000
628000
630000
632000
634000
662000
664000
666000
668000
670000
698000
700000
702000
704000
706000
734000
736000
738000
740000
742000
770000
772000
774000
776000
778000
806000
808000
810000
812000
814000
842000
844000
846000
848000
850000
878000
880000
882000
884000
886000
914000
916000
918000
920000
922000
950000
952000
954000
956000
958000
986000
988000
990000
992000
994000
1022000
1024000
1026000
1028000
1030000
1058000
1060000
1062000
1064000
1066000
1094000
1096000
1098000
1100000
1102000
1130000
1132000
1134000
1136000
1138000
1166000
1168000
1170000
1172000
1174000
1202000
1204000
1206000
1208000
1210000
1238000
1240000
1242000
1244000
1246000
1274000
1276000
1278000
1280000
1282000
1310000
1312000
1314000
1316000
1318000
1346000
1348000
1350000
1352000
1354000
1382000
1384000
1386000
1388000
1390000
1418000
1420000
1422000
1424000
1426000
1454000
1456000
1458000
1460000
1462000
1490000
1492000
1494000
1496000
1498000
1526000
1528000
1530000
1532000
1534000
1562000
1564000
1566000
1568000
1570000
1598000
1600000
1602000
1604000
1606000
1634000
1636000
1638000
1640000
1642000
1670000
1672000
1674000
1676000
1678000
1706000
1708000
1710000
1712000
1714000
1742000
1744000
1746000
1748000
1750000
1778000
1780000
1782000
1784000
1786000
1814000
1816000
1818000
1820000
1822000
1850000
1852000
1854000
1856000
1858000
1886000
1888000
1890000
1892000
1894000
1922000
1924000
1926000
1928000
1930000
1958000
1960000
1962000
1964000
1966000
1994000
1996000
1998000
2000000
2002000
2030000
2032000
2034000
2036000
2038000
2066000
2068000
2070000
2072000
2074000
2102000
2104000
2106000
2108000
2110000
2138000
2140000
2142000
2144000
2146000
2174000
2176000
2178000
2180000
2182000
2210000
2212000
2214000
2216000
2218000
2246000
2248000
2250000
2252000
2254000
2282000
2284000
2286000
2288000
2290000
2318000
2320000
2322000
2324000
2326000
2354000
2356000
2358000
2360000
2362000
2390000
2392000
2394000
2396000
2398000
2426000
2428000
2430000
2432000
2434000
2462000
2464000
2466000
2468000
2470000
2498000
2500000
2502000
2504000
2506000
2534000
2536000
2538000
2540000
2542000
2570000
2572000
2574000
2576000
2578000
2606000
2608000
2610000
2612000
2614000
2642000
2644000
2646000
2648000
2650000
2678000
2680000
2682000
2684000
2686000
2714000
2716000
2718000
2720000
2722000
2750000
2752000
2754000
2756000
2758000
2786000
2788000
2790000
2792000
2794000
2822000
2824000
2826000
2828000
2830000
2858000
2860000
2862000
2864000
2866000
2894000
2896000
2898000
2900000
2902000
2930000
2932000
2934000
2936000
2938000
2966000
2968000
2970000
2972000
2974000
3002000
3004000
3006000
3008000
3010000
3038000
3040000
3042000
3044000
3046000
3074000
3076000
3078000
3080000
3082000
3110000
3112000
3114000
3116000
3118000
3146000
3148000
3150000
3152000
3154000
3182000
3184000
3186000
3188000
3190000
3218000
3220000
3222000
3224000
3226000
3254000
3256000
3258000
3260000
3262000
3290000
3292000
3294000
3296000
3298000
3326000
3328000
3330000
3332000
3334000
3362000
3364000
3366000
3368000
3370000
3398000
3400000
3402000
3404000
3406000
3434000
3436000
3438000
3440000
3442000
3470000
3472000
3474000
3476000
3478000
3506000
3508000
3510000
3512000
3514000
3542000
3544000
3546000
3548000
3550000
3578000
3580000
3582000
3584000
3586000
3614000
3616000
3618000
3620000
3622000
3650000
3652000
3654000
3656000
3658000
3686000
3688000
3690000
3692000
3694000
3722000
3724000
3726000
3728000
3730000
3758000
3760000
3762000
3764000
3766000
3794000
3796000
3798000
3800000
3802000
3830000
3832000
3834000
3836000
3838000
3866000
3868000
3870000
3872000
3874000
3902000
3904000
3906000
3908000
3910000
3938000
3940000
3942000
3944000
3946000
3974000
3976000
3978000
3980000
3982000
4010000
4012000
4014000
4016000
4018000
4046000
4048000
4050000
4052000
4054000
4082000
4084000
4086000
4088000
4090000
4118000
4120000
4122000
4124000
4126000
4154000
4156000
4158000
4160000
4162000
4190000
4192000
4194000
4196000
4198000
4226000
4228000
4230000
4232000
4234000
4262000
4264000
4266000
4268000
4270000
4298000
4300000
4302000
4304000
4306000
4334000
4336000
4338000
4340000
4342000
4370000
4372000
4374000
4376000
4378000
4406000
4408000
4410000
4412000
4414000
4442000
4444000
4446000
4448000
4450000
4478000
4480000
4482000
4484000
4486000
4514000
4516000
4518000
4520000
4522000
4550000
4552000
4554000
4556000
4558000
4586000
4588000
4590000
4592000
4594000
4622000
4624000
4626000
4628000
4630000
4658000
4660000
4662000
4664000
4666000
4694000
4696000
4698000
4700000
4702000
4730000
4732000
4734000
4736000
4738000
4766000
4768000
4770000
4772000
4774000
4802000
4804000
4806000
4808000
4810000
4838000
4840000
4842000
4844000
4846000
4874000
4876000
4878000
4880000
4882000
4910000
4912000
4914000
4916000
4918000
4946000
4948000
4950000
4952000
4954000
4982000
4984000
4986000
4988000
4990000
5018000
5020000
5022000
5024000
5026000
5054000
5056000
5058000
5060000
5062000
5090000
5092000
5094000
5096000
5098000
5126000
5128000
5130000
5132000
5134000
5162000
5164000
5166000
5168000
5170000
5198000
5200000
5202000
5204000
5206000
5234000
5236000
5238000
5240000
5242000
5270000
5272000
5274000
5276000
5278000
5306000
5308000
5310000
5312000
5314000
