201500
203000
204500
206000
207500
228500
230000
231500
233000
234500
255500
257000
258500
260000
261500
282500
284000
285500
287000
288500
309500
311000
312500
314000
315500
336500
338000
339500
341000
342500
363500
365000
366500
368000
369500
390500
392000
393500
395000
396500
417500
419000
420500
422000
423500
444500
446000
447500
449000
450500
471500
473000
474500
476000
477500
498500
500000
501500
503000
504500
525500
527000
528500
530000
531500
552500
554000
555500
557000
558500
579500
581000
582500
584000
585500
606500
608000
609500
611000
612500
633500
635000
636500
638000
639500
660500
662000
663500
665000
666500
687500
689000
690500
692000
693500
714500
716000
717500
719000
720500
741500
743000
744500
746000
747500
768500
770000
771500
773000
774500
795500
797000
798500
800000
801500
822500
824000
825500
827000
828500
849500
851000
852500
854000
855500
876500
878000
879500
881000
882500
903500
905000
906500
908000
909500
930500
932000
933500
935000
936500
957500
959000
960500
962000
963500
984500
986000
987500
989000
990500
1011500
1013000
1014500
1016000
1017500
1038500
1040000
1041500
1043000
1044500
1065500
1067000
1068500
1070000
1071500
1092500
1094000
1095500
1097000
1098500
1119500
1121000
1122500
1124000
1125500
1146500
1148000
1149500
1151000
1152500
1173500
1175000
1176500
1178000
1179500
1200500
1202000
1203500
1205000
1206500
1227500
1229000
1230500
1232000
1233500
1254500
1256000
1257500
1259000
1260500
1281500
1283000
1284500
1286000
1287500
1308500
1310000
1311500
1313000
1314500
1335500
1337000
1338500
1340000
1341500
1362500
1364000
1365500
1367000
1368500
1389500
1391000
1392500
1394000
1395500
1416500
1418000
1419500
1421000
1422500
1443500
1445000
1446500
1448000
1449500
1470500
1472000
1473500
1475000
1476500
1497500
1499000
1500500
1502000
1503500
1524500
1526000
1527500
1529000
1530500
1551500
1553000
1554500
1556000
1557500
1578500
1580000
1581500
1583000
1584500
1605500
1607000
1608500
1610000
1611500
1632500
1634000
1635500
1637000
1638500
1659500
1661000
1662500
1664000
1665500
1686500
1688000
1689500
1691000
1692500
1713500
1715000
1716500
1718000
1719500
1740500
1742000
1743500
1745000
1746500
1767500
1769000
1770500
1772000
1773500
1794500
1796000
1797500
1799000
1800500
1821500
1823000
1824500
1826000
1827500
1848500
1850000
1851500
1853000
1854500
1875500
1877000
1878500
1880000
1881500
1902500
1904000
1905500
1907000
1908500
1929500
1931000
1932500
1934000
1935500
1956500
1958000
1959500
1961000
1962500
1983500
1985000
1986500
1988000
1989500
2010500
2012000
2013500
2015000
2016500
2037500
2039000
2040500
2042000
2043500
2064500
2066000
2067500
2069000
2070500
2091500
2093000
2094500
2096000
2097500
2118500
2120000
2121500
2123000
2124500
2145500
2147000
2148500
2150000
2151500
2172500
2174000
2175500
2177000
2178500
2199500
2201000
2202500
2204000
2205500
2226500
2228000
2229500
2231000
2232500
2253500
2255000
2256500
2258000
2259500
2280500
2282000
2283500
2285000
2286500
2307500
2309000
2310500
2312000
2313500
2334500
2336000
2337500
2339000
2340500
2361500
2363000
2364500
2366000
2367500
2388500
2390000
2391500
2393000
2394500
2415500
2417000
2418500
2420000
2421500
2442500
2444000
2445500
2447000
2448500
2469500
2471000
2472500
2474000
2475500
2496500
2498000
2499500
2501000
2502500
2523500
2525000
2526500
2528000
2529500
2550500
2552000
2553500
2555000
2556500
2577500
2579000
2580500
2582000
2583500
2604500
2606000
2607500
2609000
2610500
2631500
2633000
2634500
2636000
2637500
2658500
2660000
2661500
2663000
2664500
2685500
2687000
2688500
2690000
2691500
2712500
2714000
2715500
2717000
2718500
2739500
2741000
2742500
2744000
2745500
2766500
2768000
2769500
2771000
2772500
2793500
2795000
2796500
2798000
2799500
2820500
2822000
2823500
2825000
2826500
2847500
2849000
2850500
2852000
2853500
2874500
2876000
2877500
2879000
2880500
2901500
2903000
2904500
2906000
2907500
2928500
2930000
2931500
2933000
2934500
2955500
2957000
2958500
2960000
2961500
2982500
2984000
2985500
2987000
2988500
3009500
3011000
3012500
3014000
3015500
3036500
3038000
3039500
3041000
3042500
3063500
3065000
3066500
3068000
3069500
3090500
3092000
3093500
3095000
3096500
3117500
3119000
3120500
3122000
3123500
3144500
3146000
3147500
3149000
3150500
3171500
3173000
3174500
3176000
3177500
3198500
3200000
3201500
3203000
3204500
3225500
3227000
3228500
3230000
3231500
3252500
3254000
3255500
3257000
3258500
3279500
3281000
3282500
3284000
3285500
3306500
3308000
3309500
3311000
3312500
3333500
3335000
3336500
3338000
3339500
3360500
3362000
3363500
3365000
3366500
3387500
3389000
3390500
3392000
3393500
3414500
3416000
3417500
3419000
3420500
3441500
3443000
3444500
3446000
3447500
3468500
3470000
3471500
3473000
3474500
3495500
3497000
3498500
3500000
3501500
3522500
3524000
3525500
3527000
3528500
3549500
3551000
3552500
3554000
3555500
3576500
3578000
3579500
3581000
3582500
3603500
3605000
3606500
3608000
3609500
3630500
3632000
3633500
3635000
3636500
3657500
3659000
3660500
3662000
3663500
3684500
3686000
3687500
3689000
3690500
3711500
3713000
3714500
3716000
3717500
3738500
3740000
3741500
3743000
3744500
3765500
3767000
3768500
3770000
3771500
3792500
3794000
3795500
3797000
3798500
3819500
3821000
3822500
3824000
3825500
3846500
3848000
3849500
3851000
3852500
3873500
3875000
3876500
3878000
3879500
3900500
3902000
3903500
3905000
3906500
3927500
3929000
3930500
3932000
3933500
3954500
3956000
3957500
3959000
3960500
