104500
131500
158500
185500
212500
239500
266500
293500
320500
347500
374500
401500
428500
455500
482500
509500
536500
563500
590500
617500
644500
671500
698500
725500
752500
779500
806500
833500
860500
887500
914500
941500
968500
995500
1022500
1049500
1076500
1103500
1130500
1157500
1184500
1211500
1238500
1265500
1292500
1319500
1346500
1373500
1400500
1427500
1454500
1481500
1508500
1535500
1562500
1589500
1616500
1643500
1670500
1697500
1724500
1751500
1778500
1805500
1832500
1859500
1886500
1913500
1940500
1967500
1994500
2021500
2048500
2075500
2102500
2129500
2156500
2183500
2210500
2237500
2264500
2291500
2318500
2345500
2372500
2399500
2426500
2453500
2480500
2507500
2534500
2561500
2588500
2615500
2642500
2669500
2696500
2723500
2750500
2777500
2804500
2831500
2858500
2885500
2912500
2939500
2966500
2993500
3020500
3047500
3074500
3101500
3128500
3155500
3182500
3209500
3236500
3263500
3290500
3317500
3344500
3371500
3398500
3425500
3452500
3479500
3506500
3533500
3560500
3587500
3614500
3641500
3668500
3695500
3722500
3749500
3776500
3803500
3830500
3857500
