308000
310000
312000
314000
316000
318000
320000
322000
324000
326000
344000
346000
348000
350000
352000
354000
356000
358000
360000
362000
380000
382000
384000
386000
388000
390000
392000
394000
396000
398000
416000
418000
420000
422000
424000
426000
428000
430000
432000
434000
452000
454000
456000
458000
460000
462000
464000
466000
468000
470000
488000
490000
492000
494000
496000
498000
500000
502000
504000
506000
524000
526000
528000
530000
532000
534000
536000
538000
540000
542000
560000
562000
564000
566000
568000
570000
572000
574000
576000
578000
596000
598000
600000
602000
604000
606000
608000
610000
612000
614000
632000
634000
636000
638000
640000
642000
644000
646000
648000
650000
668000
670000
672000
674000
676000
678000
680000
682000
684000
686000
704000
706000
708000
710000
712000
714000
716000
718000
720000
722000
740000
742000
744000
746000
748000
750000
752000
754000
756000
758000
776000
778000
780000
782000
784000
786000
788000
790000
792000
794000
812000
814000
816000
818000
820000
822000
824000
826000
828000
830000
848000
850000
852000
854000
856000
858000
860000
862000
864000
866000
884000
886000
888000
890000
892000
894000
896000
898000
900000
902000
920000
922000
924000
926000
928000
930000
932000
934000
936000
938000
956000
958000
960000
962000
964000
966000
968000
970000
972000
974000
992000
994000
996000
998000
1000000
1002000
1004000
1006000
1008000
1010000
1028000
1030000
1032000
1034000
1036000
1038000
1040000
1042000
1044000
1046000
1064000
1066000
1068000
1070000
1072000
1074000
1076000
1078000
1080000
1082000
1100000
1102000
1104000
1106000
1108000
1110000
1112000
1114000
1116000
1118000
1136000
1138000
1140000
1142000
1144000
1146000
1148000
1150000
1152000
1154000
1172000
1174000
1176000
1178000
1180000
1182000
1184000
1186000
1188000
1190000
1208000
1210000
1212000
1214000
1216000
1218000
1220000
1222000
1224000
1226000
1244000
1246000
1248000
1250000
1252000
1254000
1256000
1258000
1260000
1262000
1280000
1282000
1284000
1286000
1288000
1290000
1292000
1294000
1296000
1298000
1316000
1318000
1320000
1322000
1324000
1326000
1328000
1330000
1332000
1334000
1352000
1354000
1356000
1358000
1360000
1362000
1364000
1366000
1368000
1370000
1388000
1390000
1392000
1394000
1396000
1398000
1400000
1402000
1404000
1406000
1424000
1426000
1428000
1430000
1432000
1434000
1436000
1438000
1440000
1442000
1460000
1462000
1464000
1466000
1468000
1470000
1472000
1474000
1476000
1478000
1496000
1498000
1500000
1502000
1504000
1506000
1508000
1510000
1512000
1514000
1532000
1534000
1536000
1538000
1540000
1542000
1544000
1546000
1548000
1550000
1568000
1570000
1572000
1574000
1576000
1578000
1580000
1582000
1584000
1586000
1604000
1606000
1608000
1610000
1612000
1614000
1616000
1618000
1620000
1622000
1640000
1642000
1644000
1646000
1648000
1650000
1652000
1654000
1656000
1658000
1676000
1678000
1680000
1682000
1684000
1686000
1688000
1690000
1692000
1694000
1712000
1714000
1716000
1718000
1720000
1722000
1724000
1726000
1728000
1730000
1748000
1750000
1752000
1754000
1756000
1758000
1760000
1762000
1764000
1766000
1784000
1786000
1788000
1790000
1792000
1794000
1796000
1798000
1800000
1802000
1820000
1822000
1824000
1826000
1828000
1830000
1832000
1834000
1836000
1838000
1856000
1858000
1860000
1862000
1864000
1866000
1868000
1870000
1872000
1874000
1892000
1894000
1896000
1898000
1900000
1902000
1904000
1906000
1908000
1910000
1928000
1930000
1932000
1934000
1936000
1938000
1940000
1942000
1944000
1946000
1964000
1966000
1968000
1970000
1972000
1974000
1976000
1978000
1980000
1982000
2000000
2002000
2004000
2006000
2008000
2010000
2012000
2014000
2016000
2018000
2036000
2038000
2040000
2042000
2044000
2046000
2048000
2050000
2052000
2054000
2072000
2074000
2076000
2078000
2080000
2082000
2084000
2086000
2088000
2090000
2108000
2110000
2112000
2114000
2116000
2118000
2120000
2122000
2124000
2126000
2144000
2146000
2148000
2150000
2152000
2154000
2156000
2158000
2160000
2162000
2180000
2182000
2184000
2186000
2188000
2190000
2192000
2194000
2196000
2198000
2216000
2218000
2220000
2222000
2224000
2226000
2228000
2230000
2232000
2234000
2252000
2254000
2256000
2258000
2260000
2262000
2264000
2266000
2268000
2270000
2288000
2290000
2292000
2294000
2296000
2298000
2300000
2302000
2304000
2306000
2324000
2326000
2328000
2330000
2332000
2334000
2336000
2338000
2340000
2342000
2360000
2362000
2364000
2366000
2368000
2370000
2372000
2374000
2376000
2378000
2396000
2398000
2400000
2402000
2404000
2406000
2408000
2410000
2412000
2414000
2432000
2434000
2436000
2438000
2440000
2442000
2444000
2446000
2448000
2450000
2468000
2470000
2472000
2474000
2476000
2478000
2480000
2482000
2484000
2486000
2504000
2506000
2508000
2510000
2512000
2514000
2516000
2518000
2520000
2522000
2540000
2542000
2544000
2546000
2548000
2550000
2552000
2554000
2556000
2558000
2576000
2578000
2580000
2582000
2584000
2586000
2588000
2590000
2592000
2594000
2612000
2614000
2616000
2618000
2620000
2622000
2624000
2626000
2628000
2630000
2648000
2650000
2652000
2654000
2656000
2658000
2660000
2662000
2664000
2666000
2684000
2686000
2688000
2690000
2692000
2694000
2696000
2698000
2700000
2702000
2720000
2722000
2724000
2726000
2728000
2730000
2732000
2734000
2736000
2738000
2756000
2758000
2760000
2762000
2764000
2766000
2768000
2770000
2772000
2774000
2792000
2794000
2796000
2798000
2800000
2802000
2804000
2806000
2808000
2810000
2828000
2830000
2832000
2834000
2836000
2838000
2840000
2842000
2844000
2846000
2864000
2866000
2868000
2870000
2872000
2874000
2876000
2878000
2880000
2882000
2900000
2902000
2904000
2906000
2908000
2910000
2912000
2914000
2916000
2918000
2936000
2938000
2940000
2942000
2944000
2946000
2948000
2950000
2952000
2954000
2972000
2974000
2976000
2978000
2980000
2982000
2984000
2986000
2988000
2990000
3008000
3010000
3012000
3014000
3016000
3018000
3020000
3022000
3024000
3026000
3044000
3046000
3048000
3050000
3052000
3054000
3056000
3058000
3060000
3062000
3080000
3082000
3084000
3086000
3088000
3090000
3092000
3094000
3096000
3098000
3116000
3118000
3120000
3122000
3124000
3126000
3128000
3130000
3132000
3134000
3152000
3154000
3156000
3158000
3160000
3162000
3164000
3166000
3168000
3170000
3188000
3190000
3192000
3194000
3196000
3198000
3200000
3202000
3204000
3206000
3224000
3226000
3228000
3230000
3232000
3234000
3236000
3238000
3240000
3242000
3260000
3262000
3264000
3266000
3268000
3270000
3272000
3274000
3276000
3278000
3296000
3298000
3300000
3302000
3304000
3306000
3308000
3310000
3312000
3314000
3332000
3334000
3336000
3338000
3340000
3342000
3344000
3346000
3348000
3350000
3368000
3370000
3372000
3374000
3376000
3378000
3380000
3382000
3384000
3386000
3404000
3406000
3408000
3410000
3412000
3414000
3416000
3418000
3420000
3422000
3440000
3442000
3444000
3446000
3448000
3450000
3452000
3454000
3456000
3458000
3476000
3478000
3480000
3482000
3484000
3486000
3488000
3490000
3492000
3494000
3512000
3514000
3516000
3518000
3520000
3522000
3524000
3526000
3528000
3530000
3548000
3550000
3552000
3554000
3556000
3558000
3560000
3562000
3564000
3566000
3584000
3586000
3588000
3590000
3592000
3594000
3596000
3598000
3600000
3602000
3620000
3622000
3624000
3626000
3628000
3630000
3632000
3634000
3636000
3638000
3656000
3658000
3660000
3662000
3664000
3666000
3668000
3670000
3672000
3674000
3692000
3694000
3696000
3698000
3700000
3702000
3704000
3706000
3708000
3710000
3728000
3730000
3732000
3734000
3736000
3738000
3740000
3742000
3744000
3746000
3764000
3766000
3768000
3770000
3772000
3774000
3776000
3778000
3780000
3782000
3800000
3802000
3804000
3806000
3808000
3810000
3812000
3814000
3816000
3818000
3836000
3838000
3840000
3842000
3844000
3846000
3848000
3850000
3852000
3854000
3872000
3874000
3876000
3878000
3880000
3882000
3884000
3886000
3888000
3890000
3908000
3910000
3912000
3914000
3916000
3918000
3920000
3922000
3924000
3926000
3944000
3946000
3948000
3950000
3952000
3954000
3956000
3958000
3960000
3962000
3980000
3982000
3984000
3986000
3988000
3990000
3992000
3994000
3996000
3998000
4016000
4018000
4020000
4022000
4024000
4026000
4028000
4030000
4032000
4034000
4052000
4054000
4056000
4058000
4060000
4062000
4064000
4066000
4068000
4070000
4088000
4090000
4092000
4094000
4096000
4098000
4100000
4102000
4104000
4106000
4124000
4126000
4128000
4130000
4132000
4134000
4136000
4138000
4140000
4142000
4160000
4162000
4164000
4166000
4168000
4170000
4172000
4174000
4176000
4178000
4196000
4198000
4200000
4202000
4204000
4206000
4208000
4210000
4212000
4214000
4232000
4234000
4236000
4238000
4240000
4242000
4244000
4246000
4248000
4250000
4268000
4270000
4272000
4274000
4276000
4278000
4280000
4282000
4284000
4286000
4304000
4306000
4308000
4310000
4312000
4314000
4316000
4318000
4320000
4322000
4340000
4342000
4344000
4346000
4348000
4350000
4352000
4354000
4356000
4358000
4376000
4378000
4380000
4382000
4384000
4386000
4388000
4390000
4392000
4394000
4412000
4414000
4416000
4418000
4420000
4422000
4424000
4426000
4428000
4430000
4448000
4450000
4452000
4454000
4456000
4458000
4460000
4462000
4464000
4466000
4484000
4486000
4488000
4490000
4492000
4494000
4496000
4498000
4500000
4502000
4520000
4522000
4524000
4526000
4528000
4530000
4532000
4534000
4536000
4538000
4556000
4558000
4560000
4562000
4564000
4566000
4568000
4570000
4572000
4574000
4592000
4594000
4596000
4598000
4600000
4602000
4604000
4606000
4608000
4610000
4628000
4630000
4632000
4634000
4636000
4638000
4640000
4642000
4644000
4646000
4664000
4666000
4668000
4670000
4672000
4674000
4676000
4678000
4680000
4682000
4700000
4702000
4704000
4706000
4708000
4710000
4712000
4714000
4716000
4718000
4736000
4738000
4740000
4742000
4744000
4746000
4748000
4750000
4752000
4754000
4772000
4774000
4776000
4778000
4780000
4782000
4784000
4786000
4788000
4790000
4808000
4810000
4812000
4814000
4816000
4818000
4820000
4822000
4824000
4826000
4844000
4846000
4848000
4850000
4852000
4854000
4856000
4858000
4860000
4862000
4880000
4882000
4884000
4886000
4888000
4890000
4892000
4894000
4896000
4898000
4916000
4918000
4920000
4922000
4924000
4926000
4928000
4930000
4932000
4934000
4952000
4954000
4956000
4958000
4960000
4962000
4964000
4966000
4968000
4970000
4988000
4990000
4992000
4994000
4996000
4998000
5000000
5002000
5004000
5006000
5024000
5026000
5028000
5030000
5032000
5034000
5036000
5038000
5040000
5042000
5060000
5062000
5064000
5066000
5068000
5070000
5072000
5074000
5076000
5078000
5096000
5098000
5100000
5102000
5104000
5106000
5108000
5110000
5112000
5114000
5132000
5134000
5136000
5138000
5140000
5142000
5144000
5146000
5148000
5150000
5168000
5170000
5172000
5174000
5176000
5178000
5180000
5182000
5184000
5186000
5204000
5206000
5208000
5210000
5212000
5214000
5216000
5218000
5220000
5222000
5240000
5242000
5244000
5246000
5248000
5250000
5252000
5254000
5256000
5258000
5276000
5278000
5280000
5282000
5284000
5286000
5288000
5290000
5292000
5294000
5312000
5314000
5316000
5318000
5320000
5322000
5324000
5326000
5328000
5330000
