101500
103000
104500
106000
107500
128500
130000
131500
133000
134500
155500
157000
158500
160000
161500
182500
184000
185500
187000
188500
209500
211000
212500
214000
215500
236500
238000
239500
241000
242500
263500
265000
266500
268000
269500
290500
292000
293500
295000
296500
317500
319000
320500
322000
323500
344500
346000
347500
349000
350500
371500
373000
374500
376000
377500
398500
400000
401500
403000
404500
425500
427000
428500
430000
431500
452500
454000
455500
457000
458500
479500
481000
482500
484000
485500
506500
508000
509500
511000
512500
533500
535000
536500
538000
539500
560500
562000
563500
565000
566500
587500
589000
590500
592000
593500
614500
616000
617500
619000
620500
641500
643000
644500
646000
647500
668500
670000
671500
673000
674500
695500
697000
698500
700000
701500
722500
724000
725500
727000
728500
749500
751000
752500
754000
755500
776500
778000
779500
781000
782500
803500
805000
806500
808000
809500
830500
832000
833500
835000
836500
857500
859000
860500
862000
863500
884500
886000
887500
889000
890500
911500
913000
914500
916000
917500
938500
940000
941500
943000
944500
965500
967000
968500
970000
971500
992500
994000
995500
997000
998500
1019500
1021000
1022500
1024000
1025500
1046500
1048000
1049500
1051000
1052500
1073500
1075000
1076500
1078000
1079500
1100500
1102000
1103500
1105000
1106500
1127500
1129000
1130500
1132000
1133500
1154500
1156000
1157500
1159000
1160500
1181500
1183000
1184500
1186000
1187500
1208500
1210000
1211500
1213000
1214500
1235500
1237000
1238500
1240000
1241500
1262500
1264000
1265500
1267000
1268500
1289500
1291000
1292500
1294000
1295500
1316500
1318000
1319500
1321000
1322500
1343500
1345000
1346500
1348000
1349500
1370500
1372000
1373500
1375000
1376500
1397500
1399000
1400500
1402000
1403500
1424500
1426000
1427500
1429000
1430500
1451500
1453000
1454500
1456000
1457500
1478500
1480000
1481500
1483000
1484500
1505500
1507000
1508500
1510000
1511500
1532500
1534000
1535500
1537000
1538500
1559500
1561000
1562500
1564000
1565500
1586500
1588000
1589500
1591000
1592500
1613500
1615000
1616500
1618000
1619500
1640500
1642000
1643500
1645000
1646500
1667500
1669000
1670500
1672000
1673500
1694500
1696000
1697500
1699000
1700500
1721500
1723000
1724500
1726000
1727500
1748500
1750000
1751500
1753000
1754500
1775500
1777000
1778500
1780000
1781500
1802500
1804000
1805500
1807000
1808500
1829500
1831000
1832500
1834000
1835500
1856500
1858000
1859500
1861000
1862500
1883500
1885000
1886500
1888000
1889500
1910500
1912000
1913500
1915000
1916500
1937500
1939000
1940500
1942000
1943500
1964500
1966000
1967500
1969000
1970500
1991500
1993000
1994500
1996000
1997500
2018500
2020000
2021500
2023000
2024500
2045500
2047000
2048500
2050000
2051500
2072500
2074000
2075500
2077000
2078500
2099500
2101000
2102500
2104000
2105500
2126500
2128000
2129500
2131000
2132500
2153500
2155000
2156500
2158000
2159500
2180500
2182000
2183500
2185000
2186500
2207500
2209000
2210500
2212000
2213500
2234500
2236000
2237500
2239000
2240500
2261500
2263000
2264500
2266000
2267500
2288500
2290000
2291500
2293000
2294500
2315500
2317000
2318500
2320000
2321500
2342500
2344000
2345500
2347000
2348500
2369500
2371000
2372500
2374000
2375500
2396500
2398000
2399500
2401000
2402500
2423500
2425000
2426500
2428000
2429500
2450500
2452000
2453500
2455000
2456500
2477500
2479000
2480500
2482000
2483500
2504500
2506000
2507500
2509000
2510500
2531500
2533000
2534500
2536000
2537500
2558500
2560000
2561500
2563000
2564500
2585500
2587000
2588500
2590000
2591500
2612500
2614000
2615500
2617000
2618500
2639500
2641000
2642500
2644000
2645500
2666500
2668000
2669500
2671000
2672500
2693500
2695000
2696500
2698000
2699500
2720500
2722000
2723500
2725000
2726500
2747500
2749000
2750500
2752000
2753500
2774500
2776000
2777500
2779000
2780500
2801500
2803000
2804500
2806000
2807500
2828500
2830000
2831500
2833000
2834500
2855500
2857000
2858500
2860000
2861500
2882500
2884000
2885500
2887000
2888500
2909500
2911000
2912500
2914000
2915500
2936500
2938000
2939500
2941000
2942500
2963500
2965000
2966500
2968000
2969500
2990500
2992000
2993500
2995000
2996500
3017500
3019000
3020500
3022000
3023500
3044500
3046000
3047500
3049000
3050500
3071500
3073000
3074500
3076000
3077500
3098500
3100000
3101500
3103000
3104500
3125500
3127000
3128500
3130000
3131500
3152500
3154000
3155500
3157000
3158500
3179500
3181000
3182500
3184000
3185500
3206500
3208000
3209500
3211000
3212500
3233500
3235000
3236500
3238000
3239500
3260500
3262000
3263500
3265000
3266500
3287500
3289000
3290500
3292000
3293500
3314500
3316000
3317500
3319000
3320500
3341500
3343000
3344500
3346000
3347500
3368500
3370000
3371500
3373000
3374500
3395500
3397000
3398500
3400000
3401500
3422500
3424000
3425500
3427000
3428500
3449500
3451000
3452500
3454000
3455500
3476500
3478000
3479500
3481000
3482500
3503500
3505000
3506500
3508000
3509500
3530500
3532000
3533500
3535000
3536500
3557500
3559000
3560500
3562000
3563500
3584500
3586000
3587500
3589000
3590500
3611500
3613000
3614500
3616000
3617500
3638500
3640000
3641500
3643000
3644500
3665500
3667000
3668500
3670000
3671500
3692500
3694000
3695500
3697000
3698500
3719500
3721000
3722500
3724000
3725500
3746500
3748000
3749500
3751000
3752500
3773500
3775000
3776500
3778000
3779500
3800500
3802000
3803500
3805000
3806500
3827500
3829000
3830500
3832000
3833500
3854500
3856000
3857500
3859000
3860500
