304500
331500
358500
385500
412500
439500
466500
493500
520500
547500
574500
601500
628500
655500
682500
709500
736500
763500
790500
817500
844500
871500
898500
925500
952500
979500
1006500
1033500
1060500
1087500
1114500
1141500
1168500
1195500
1222500
1249500
1276500
1303500
1330500
1357500
1384500
1411500
1438500
1465500
1492500
1519500
1546500
1573500
1600500
1627500
1654500
1681500
1708500
1735500
1762500
1789500
1816500
1843500
1870500
1897500
1924500
1951500
1978500
2005500
2032500
2059500
2086500
2113500
2140500
2167500
2194500
2221500
2248500
2275500
2302500
2329500
2356500
2383500
2410500
2437500
2464500
2491500
2518500
2545500
2572500
2599500
2626500
2653500
2680500
2707500
2734500
2761500
2788500
2815500
2842500
2869500
2896500
2923500
2950500
2977500
3004500
3031500
3058500
3085500
3112500
3139500
3166500
3193500
3220500
3247500
3274500
3301500
3328500
3355500
3382500
3409500
3436500
3463500
3490500
3517500
3544500
3571500
3598500
3625500
3652500
3679500
3706500
3733500
3760500
3787500
3814500
3841500
3868500
3895500
3922500
3949500
3976500
4003500
4030500
4057500
