2000
4000
6000
8000
10000
38000
40000
42000
44000
46000
74000
76000
78000
80000
82000
110000
112000
114000
116000
118000
146000
148000
150000
152000
154000
182000
184000
186000
188000
190000
218000
220000
222000
224000
226000
254000
256000
258000
260000
262000
290000
292000
294000
296000
298000
326000
328000
330000
332000
334000
362000
364000
366000
368000
370000
398000
400000
402000
404000
406000
434000
436000
438000
440000
442000
470000
472000
474000
476000
478000
506000
508000
510000
512000
514000
542000
544000
546000
548000
550000
578000
580000
582000
584000
586000
614000
616000
618000
620000
622000
650000
652000
654000
656000
658000
686000
688000
690000
692000
694000
722000
724000
726000
728000
730000
758000
760000
762000
764000
766000
794000
796000
798000
800000
802000
830000
832000
834000
836000
838000
866000
868000
870000
872000
874000
902000
904000
906000
908000
910000
938000
940000
942000
944000
946000
974000
976000
978000
980000
982000
1010000
1012000
1014000
1016000
1018000
1046000
1048000
1050000
1052000
1054000
1082000
1084000
1086000
1088000
1090000
1118000
1120000
1122000
1124000
1126000
1154000
1156000
1158000
1160000
1162000
1190000
1192000
1194000
1196000
1198000
1226000
1228000
1230000
1232000
1234000
1262000
1264000
1266000
1268000
1270000
1298000
1300000
1302000
1304000
1306000
1334000
1336000
1338000
1340000
1342000
1370000
1372000
1374000
1376000
1378000
1406000
1408000
1410000
1412000
1414000
1442000
1444000
1446000
1448000
1450000
1478000
1480000
1482000
1484000
1486000
1514000
1516000
1518000
1520000
1522000
1550000
1552000
1554000
1556000
1558000
1586000
1588000
1590000
1592000
1594000
1622000
1624000
1626000
1628000
1630000
1658000
1660000
1662000
1664000
1666000
1694000
1696000
1698000
1700000
1702000
1730000
1732000
1734000
1736000
1738000
1766000
1768000
1770000
1772000
1774000
1802000
1804000
1806000
1808000
1810000
1838000
1840000
1842000
1844000
1846000
1874000
1876000
1878000
1880000
1882000
1910000
1912000
1914000
1916000
1918000
1946000
1948000
1950000
1952000
1954000
1982000
1984000
1986000
1988000
1990000
2018000
2020000
2022000
2024000
2026000
2054000
2056000
2058000
2060000
2062000
2090000
2092000
2094000
2096000
2098000
2126000
2128000
2130000
2132000
2134000
2162000
2164000
2166000
2168000
2170000
2198000
2200000
2202000
2204000
2206000
2234000
2236000
2238000
2240000
2242000
2270000
2272000
2274000
2276000
2278000
2306000
2308000
2310000
2312000
2314000
2342000
2344000
2346000
2348000
2350000
2378000
2380000
2382000
2384000
2386000
2414000
2416000
2418000
2420000
2422000
2450000
2452000
2454000
2456000
2458000
2486000
2488000
2490000
2492000
2494000
2522000
2524000
2526000
2528000
2530000
2558000
2560000
2562000
2564000
2566000
2594000
2596000
2598000
2600000
2602000
2630000
2632000
2634000
2636000
2638000
2666000
2668000
2670000
2672000
2674000
2702000
2704000
2706000
2708000
2710000
2738000
2740000
2742000
2744000
2746000
2774000
2776000
2778000
2780000
2782000
2810000
2812000
2814000
2816000
2818000
2846000
2848000
2850000
2852000
2854000
2882000
2884000
2886000
2888000
2890000
2918000
2920000
2922000
2924000
2926000
2954000
2956000
2958000
2960000
2962000
2990000
2992000
2994000
2996000
2998000
3026000
3028000
3030000
3032000
3034000
3062000
3064000
3066000
3068000
3070000
3098000
3100000
3102000
3104000
3106000
3134000
3136000
3138000
3140000
3142000
3170000
3172000
3174000
3176000
3178000
3206000
3208000
3210000
3212000
3214000
3242000
3244000
3246000
3248000
3250000
3278000
3280000
3282000
3284000
3286000
3314000
3316000
3318000
3320000
3322000
3350000
3352000
3354000
3356000
3358000
3386000
3388000
3390000
3392000
3394000
3422000
3424000
3426000
3428000
3430000
3458000
3460000
3462000
3464000
3466000
3494000
3496000
3498000
3500000
3502000
3530000
3532000
3534000
3536000
3538000
3566000
3568000
3570000
3572000
3574000
3602000
3604000
3606000
3608000
3610000
3638000
3640000
3642000
3644000
3646000
3674000
3676000
3678000
3680000
3682000
3710000
3712000
3714000
3716000
3718000
3746000
3748000
3750000
3752000
3754000
3782000
3784000
3786000
3788000
3790000
3818000
3820000
3822000
3824000
3826000
3854000
3856000
3858000
3860000
3862000
3890000
3892000
3894000
3896000
3898000
3926000
3928000
3930000
3932000
3934000
3962000
3964000
3966000
3968000
3970000
3998000
4000000
4002000
4004000
4006000
4034000
4036000
4038000
4040000
4042000
4070000
4072000
4074000
4076000
4078000
4106000
4108000
4110000
4112000
4114000
4142000
4144000
4146000
4148000
4150000
4178000
4180000
4182000
4184000
4186000
4214000
4216000
4218000
4220000
4222000
4250000
4252000
4254000
4256000
4258000
4286000
4288000
4290000
4292000
4294000
4322000
4324000
4326000
4328000
4330000
4358000
4360000
4362000
4364000
4366000
4394000
4396000
4398000
4400000
4402000
4430000
4432000
4434000
4436000
4438000
4466000
4468000
4470000
4472000
4474000
4502000
4504000
4506000
4508000
4510000
4538000
4540000
4542000
4544000
4546000
4574000
4576000
4578000
4580000
4582000
4610000
4612000
4614000
4616000
4618000
4646000
4648000
4650000
4652000
4654000
4682000
4684000
4686000
4688000
4690000
4718000
4720000
4722000
4724000
4726000
4754000
4756000
4758000
4760000
4762000
4790000
4792000
4794000
4796000
4798000
4826000
4828000
4830000
4832000
4834000
4862000
4864000
4866000
4868000
4870000
4898000
4900000
4902000
4904000
4906000
4934000
4936000
4938000
4940000
4942000
4970000
4972000
4974000
4976000
4978000
5006000
5008000
5010000
5012000
5014000
