208000
210000
212000
214000
216000
218000
220000
222000
224000
226000
244000
246000
248000
250000
252000
254000
256000
258000
260000
262000
280000
282000
284000
286000
288000
290000
292000
294000
296000
298000
316000
318000
320000
322000
324000
326000
328000
330000
332000
334000
352000
354000
356000
358000
360000
362000
364000
366000
368000
370000
388000
390000
392000
394000
396000
398000
400000
402000
404000
406000
424000
426000
428000
430000
432000
434000
436000
438000
440000
442000
460000
462000
464000
466000
468000
470000
472000
474000
476000
478000
496000
498000
500000
502000
504000
506000
508000
510000
512000
514000
532000
534000
536000
538000
540000
542000
544000
546000
548000
550000
568000
570000
572000
574000
576000
578000
580000
582000
584000
586000
604000
606000
608000
610000
612000
614000
616000
618000
620000
622000
640000
642000
644000
646000
648000
650000
652000
654000
656000
658000
676000
678000
680000
682000
684000
686000
688000
690000
692000
694000
712000
714000
716000
718000
720000
722000
724000
726000
728000
730000
748000
750000
752000
754000
756000
758000
760000
762000
764000
766000
784000
786000
788000
790000
792000
794000
796000
798000
800000
802000
820000
822000
824000
826000
828000
830000
832000
834000
836000
838000
856000
858000
860000
862000
864000
866000
868000
870000
872000
874000
892000
894000
896000
898000
900000
902000
904000
906000
908000
910000
928000
930000
932000
934000
936000
938000
940000
942000
944000
946000
964000
966000
968000
970000
972000
974000
976000
978000
980000
982000
1000000
1002000
1004000
1006000
1008000
1010000
1012000
1014000
1016000
1018000
1036000
1038000
1040000
1042000
1044000
1046000
1048000
1050000
1052000
1054000
1072000
1074000
1076000
1078000
1080000
1082000
1084000
1086000
1088000
1090000
1108000
1110000
1112000
1114000
1116000
1118000
1120000
1122000
1124000
1126000
1144000
1146000
1148000
1150000
1152000
1154000
1156000
1158000
1160000
1162000
1180000
1182000
1184000
1186000
1188000
1190000
1192000
1194000
1196000
1198000
1216000
1218000
1220000
1222000
1224000
1226000
1228000
1230000
1232000
1234000
1252000
1254000
1256000
1258000
1260000
1262000
1264000
1266000
1268000
1270000
1288000
1290000
1292000
1294000
1296000
1298000
1300000
1302000
1304000
1306000
1324000
1326000
1328000
1330000
1332000
1334000
1336000
1338000
1340000
1342000
1360000
1362000
1364000
1366000
1368000
1370000
1372000
1374000
1376000
1378000
1396000
1398000
1400000
1402000
1404000
1406000
1408000
1410000
1412000
1414000
1432000
1434000
1436000
1438000
1440000
1442000
1444000
1446000
1448000
1450000
1468000
1470000
1472000
1474000
1476000
1478000
1480000
1482000
1484000
1486000
1504000
1506000
1508000
1510000
1512000
1514000
1516000
1518000
1520000
1522000
1540000
1542000
1544000
1546000
1548000
1550000
1552000
1554000
1556000
1558000
1576000
1578000
1580000
1582000
1584000
1586000
1588000
1590000
1592000
1594000
1612000
1614000
1616000
1618000
1620000
1622000
1624000
1626000
1628000
1630000
1648000
1650000
1652000
1654000
1656000
1658000
1660000
1662000
1664000
1666000
1684000
1686000
1688000
1690000
1692000
1694000
1696000
1698000
1700000
1702000
1720000
1722000
1724000
1726000
1728000
1730000
1732000
1734000
1736000
1738000
1756000
1758000
1760000
1762000
1764000
1766000
1768000
1770000
1772000
1774000
1792000
1794000
1796000
1798000
1800000
1802000
1804000
1806000
1808000
1810000
1828000
1830000
1832000
1834000
1836000
1838000
1840000
1842000
1844000
1846000
1864000
1866000
1868000
1870000
1872000
1874000
1876000
1878000
1880000
1882000
1900000
1902000
1904000
1906000
1908000
1910000
1912000
1914000
1916000
1918000
1936000
1938000
1940000
1942000
1944000
1946000
1948000
1950000
1952000
1954000
1972000
1974000
1976000
1978000
1980000
1982000
1984000
1986000
1988000
1990000
2008000
2010000
2012000
2014000
2016000
2018000
2020000
2022000
2024000
2026000
2044000
2046000
2048000
2050000
2052000
2054000
2056000
2058000
2060000
2062000
2080000
2082000
2084000
2086000
2088000
2090000
2092000
2094000
2096000
2098000
2116000
2118000
2120000
2122000
2124000
2126000
2128000
2130000
2132000
2134000
2152000
2154000
2156000
2158000
2160000
2162000
2164000
2166000
2168000
2170000
2188000
2190000
2192000
2194000
2196000
2198000
2200000
2202000
2204000
2206000
2224000
2226000
2228000
2230000
2232000
2234000
2236000
2238000
2240000
2242000
2260000
2262000
2264000
2266000
2268000
2270000
2272000
2274000
2276000
2278000
2296000
2298000
2300000
2302000
2304000
2306000
2308000
2310000
2312000
2314000
2332000
2334000
2336000
2338000
2340000
2342000
2344000
2346000
2348000
2350000
2368000
2370000
2372000
2374000
2376000
2378000
2380000
2382000
2384000
2386000
2404000
2406000
2408000
2410000
2412000
2414000
2416000
2418000
2420000
2422000
2440000
2442000
2444000
2446000
2448000
2450000
2452000
2454000
2456000
2458000
2476000
2478000
2480000
2482000
2484000
2486000
2488000
2490000
2492000
2494000
2512000
2514000
2516000
2518000
2520000
2522000
2524000
2526000
2528000
2530000
2548000
2550000
2552000
2554000
2556000
2558000
2560000
2562000
2564000
2566000
2584000
2586000
2588000
2590000
2592000
2594000
2596000
2598000
2600000
2602000
2620000
2622000
2624000
2626000
2628000
2630000
2632000
2634000
2636000
2638000
2656000
2658000
2660000
2662000
2664000
2666000
2668000
2670000
2672000
2674000
2692000
2694000
2696000
2698000
2700000
2702000
2704000
2706000
2708000
2710000
2728000
2730000
2732000
2734000
2736000
2738000
2740000
2742000
2744000
2746000
2764000
2766000
2768000
2770000
2772000
2774000
2776000
2778000
2780000
2782000
2800000
2802000
2804000
2806000
2808000
2810000
2812000
2814000
2816000
2818000
2836000
2838000
2840000
2842000
2844000
2846000
2848000
2850000
2852000
2854000
2872000
2874000
2876000
2878000
2880000
2882000
2884000
2886000
2888000
2890000
2908000
2910000
2912000
2914000
2916000
2918000
2920000
2922000
2924000
2926000
2944000
2946000
2948000
2950000
2952000
2954000
2956000
2958000
2960000
2962000
2980000
2982000
2984000
2986000
2988000
2990000
2992000
2994000
2996000
2998000
3016000
3018000
3020000
3022000
3024000
3026000
3028000
3030000
3032000
3034000
3052000
3054000
3056000
3058000
3060000
3062000
3064000
3066000
3068000
3070000
3088000
3090000
3092000
3094000
3096000
3098000
3100000
3102000
3104000
3106000
3124000
3126000
3128000
3130000
3132000
3134000
3136000
3138000
3140000
3142000
3160000
3162000
3164000
3166000
3168000
3170000
3172000
3174000
3176000
3178000
3196000
3198000
3200000
3202000
3204000
3206000
3208000
3210000
3212000
3214000
3232000
3234000
3236000
3238000
3240000
3242000
3244000
3246000
3248000
3250000
3268000
3270000
3272000
3274000
3276000
3278000
3280000
3282000
3284000
3286000
3304000
3306000
3308000
3310000
3312000
3314000
3316000
3318000
3320000
3322000
3340000
3342000
3344000
3346000
3348000
3350000
3352000
3354000
3356000
3358000
3376000
3378000
3380000
3382000
3384000
3386000
3388000
3390000
3392000
3394000
3412000
3414000
3416000
3418000
3420000
3422000
3424000
3426000
3428000
3430000
3448000
3450000
3452000
3454000
3456000
3458000
3460000
3462000
3464000
3466000
3484000
3486000
3488000
3490000
3492000
3494000
3496000
3498000
3500000
3502000
3520000
3522000
3524000
3526000
3528000
3530000
3532000
3534000
3536000
3538000
3556000
3558000
3560000
3562000
3564000
3566000
3568000
3570000
3572000
3574000
3592000
3594000
3596000
3598000
3600000
3602000
3604000
3606000
3608000
3610000
3628000
3630000
3632000
3634000
3636000
3638000
3640000
3642000
3644000
3646000
3664000
3666000
3668000
3670000
3672000
3674000
3676000
3678000
3680000
3682000
3700000
3702000
3704000
3706000
3708000
3710000
3712000
3714000
3716000
3718000
3736000
3738000
3740000
3742000
3744000
3746000
3748000
3750000
3752000
3754000
3772000
3774000
3776000
3778000
3780000
3782000
3784000
3786000
3788000
3790000
3808000
3810000
3812000
3814000
3816000
3818000
3820000
3822000
3824000
3826000
3844000
3846000
3848000
3850000
3852000
3854000
3856000
3858000
3860000
3862000
3880000
3882000
3884000
3886000
3888000
3890000
3892000
3894000
3896000
3898000
3916000
3918000
3920000
3922000
3924000
3926000
3928000
3930000
3932000
3934000
3952000
3954000
3956000
3958000
3960000
3962000
3964000
3966000
3968000
3970000
3988000
3990000
3992000
3994000
3996000
3998000
4000000
4002000
4004000
4006000
4024000
4026000
4028000
4030000
4032000
4034000
4036000
4038000
4040000
4042000
4060000
4062000
4064000
4066000
4068000
4070000
4072000
4074000
4076000
4078000
4096000
4098000
4100000
4102000
4104000
4106000
4108000
4110000
4112000
4114000
4132000
4134000
4136000
4138000
4140000
4142000
4144000
4146000
4148000
4150000
4168000
4170000
4172000
4174000
4176000
4178000
4180000
4182000
4184000
4186000
4204000
4206000
4208000
4210000
4212000
4214000
4216000
4218000
4220000
4222000
4240000
4242000
4244000
4246000
4248000
4250000
4252000
4254000
4256000
4258000
4276000
4278000
4280000
4282000
4284000
4286000
4288000
4290000
4292000
4294000
4312000
4314000
4316000
4318000
4320000
4322000
4324000
4326000
4328000
4330000
4348000
4350000
4352000
4354000
4356000
4358000
4360000
4362000
4364000
4366000
4384000
4386000
4388000
4390000
4392000
4394000
4396000
4398000
4400000
4402000
4420000
4422000
4424000
4426000
4428000
4430000
4432000
4434000
4436000
4438000
4456000
4458000
4460000
4462000
4464000
4466000
4468000
4470000
4472000
4474000
4492000
4494000
4496000
4498000
4500000
4502000
4504000
4506000
4508000
4510000
4528000
4530000
4532000
4534000
4536000
4538000
4540000
4542000
4544000
4546000
4564000
4566000
4568000
4570000
4572000
4574000
4576000
4578000
4580000
4582000
4600000
4602000
4604000
4606000
4608000
4610000
4612000
4614000
4616000
4618000
4636000
4638000
4640000
4642000
4644000
4646000
4648000
4650000
4652000
4654000
4672000
4674000
4676000
4678000
4680000
4682000
4684000
4686000
4688000
4690000
4708000
4710000
4712000
4714000
4716000
4718000
4720000
4722000
4724000
4726000
4744000
4746000
4748000
4750000
4752000
4754000
4756000
4758000
4760000
4762000
4780000
4782000
4784000
4786000
4788000
4790000
4792000
4794000
4796000
4798000
4816000
4818000
4820000
4822000
4824000
4826000
4828000
4830000
4832000
4834000
4852000
4854000
4856000
4858000
4860000
4862000
4864000
4866000
4868000
4870000
4888000
4890000
4892000
4894000
4896000
4898000
4900000
4902000
4904000
4906000
4924000
4926000
4928000
4930000
4932000
4934000
4936000
4938000
4940000
4942000
4960000
4962000
4964000
4966000
4968000
4970000
4972000
4974000
4976000
4978000
4996000
4998000
5000000
5002000
5004000
5006000
5008000
5010000
5012000
5014000
5032000
5034000
5036000
5038000
5040000
5042000
5044000
5046000
5048000
5050000
5068000
5070000
5072000
5074000
5076000
5078000
5080000
5082000
5084000
5086000
5104000
5106000
5108000
5110000
5112000
5114000
5116000
5118000
5120000
5122000
5140000
5142000
5144000
5146000
5148000
5150000
5152000
5154000
5156000
5158000
5176000
5178000
5180000
5182000
5184000
5186000
5188000
5190000
5192000
5194000
5212000
5214000
5216000
5218000
5220000
5222000
5224000
5226000
5228000
5230000
